,term,N,N_ordered,N_not_ordered,freq_ordered (of total),N_made,N_not_made,freq_made (of total),freq_made (of ordered),N_crystallised,N_not_crystallised,freq_crystallised (of total),freq_crystallised (of made),N_assayed,N_not_assayed,freq_assayed (of total),freq_assayed (of made)
0,nitrile,730,33,697,0.0452,24,706,0.0329,0.7273,730,0,1.0,30.4167,12,718,0.0164,0.5
1,superimpose,56,13,43,0.2321,5,51,0.0893,0.3846,56,0,1.0,11.2,4,52,0.0714,0.8
2,ethylamine,12,1,11,0.0833,1,11,0.0833,1.0,12,0,1.0,12.0,0,12,0.0,0.0
3,structure,5993,358,5635,0.0597,268,5725,0.0447,0.7486,5993,0,1.0,22.3619,154,5839,0.0257,0.5746
4,maybe,92,10,82,0.1087,8,84,0.087,0.8,92,0,1.0,11.5,4,88,0.0435,0.5
5,merge,395,59,336,0.1494,27,368,0.0684,0.4576,395,0,1.0,14.6296,12,383,0.0304,0.4444
6,heterocycle,289,15,274,0.0519,10,279,0.0346,0.6667,289,0,1.0,28.9,9,280,0.0311,0.9
7,explore,372,50,322,0.1344,47,325,0.1263,0.94,372,0,1.0,7.9149,28,344,0.0753,0.5957
8,fragalysis,423,39,384,0.0922,36,387,0.0851,0.9231,423,0,1.0,11.75,10,413,0.0236,0.2778
9,observation,46,6,40,0.1304,4,42,0.087,0.6667,46,0,1.0,11.5,3,43,0.0652,0.75
10,overlap,186,37,149,0.1989,17,169,0.0914,0.4595,186,0,1.0,10.9412,8,178,0.043,0.4706
11,functionalities,23,1,22,0.0435,1,22,0.0435,1.0,23,0,1.0,23.0,0,23,0.0,0.0
12,fragment,6552,833,5719,0.1271,676,5876,0.1032,0.8115,6552,0,1.0,9.6923,239,6313,0.0365,0.3536
13,introduction,41,17,24,0.4146,15,26,0.3659,0.8824,41,0,1.0,2.7333,6,35,0.1463,0.4
14,aromatic,1145,56,1089,0.0489,47,1098,0.041,0.8393,1145,0,1.0,24.3617,32,1113,0.0279,0.6809
15,chloro,1840,213,1627,0.1158,151,1689,0.0821,0.7089,1840,0,1.0,12.1854,116,1724,0.063,0.7682
16,substituent,1384,121,1263,0.0874,101,1283,0.073,0.8347,1384,0,1.0,13.703,71,1313,0.0513,0.703
17,molecule,6007,331,5676,0.0551,265,5742,0.0441,0.8006,6007,0,1.0,22.6679,104,5903,0.0173,0.3925
18,overlay,265,62,203,0.234,52,213,0.1962,0.8387,265,0,1.0,5.0962,16,249,0.0604,0.3077
19,substitution,524,87,437,0.166,54,470,0.1031,0.6207,524,0,1.0,9.7037,38,486,0.0725,0.7037
20,based,3305,460,2845,0.1392,320,2985,0.0968,0.6957,3305,0,1.0,10.3281,192,3113,0.0581,0.6
21,cyclisation,33,3,30,0.0909,3,30,0.0909,1.0,33,0,1.0,11.0,3,30,0.0909,1.0
22,urea,437,79,358,0.1808,57,380,0.1304,0.7215,437,0,1.0,7.6667,31,406,0.0709,0.5439
23,expansion,362,145,217,0.4006,138,224,0.3812,0.9517,362,0,1.0,2.6232,64,298,0.1768,0.4638
24,by-eye,1512,172,1340,0.1138,140,1372,0.0926,0.814,1512,0,1.0,10.8,36,1476,0.0238,0.2571
25,combination,471,48,423,0.1019,27,444,0.0573,0.5625,471,0,1.0,17.4444,19,452,0.0403,0.7037
26,easy,237,121,116,0.5105,79,158,0.3333,0.6529,237,0,1.0,3.0,56,181,0.2363,0.7089
27,derivatisation,5,0,5,0.0,0,5,0.0,0.0,5,0,1.0,0.0,0,5,0.0,0.0
28,amide,3253,420,2833,0.1291,305,2948,0.0938,0.7262,3253,0,1.0,10.6656,193,3060,0.0593,0.6328
29,sar,2241,304,1937,0.1357,250,1991,0.1116,0.8224,2241,0,1.0,8.964,162,2079,0.0723,0.648
30,aliphatic,79,1,78,0.0127,1,78,0.0127,1.0,79,0,1.0,79.0,1,78,0.0127,1.0
31,polar,212,9,203,0.0425,4,208,0.0189,0.4444,212,0,1.0,53.0,4,208,0.0189,1.0
32,phenyl,363,84,279,0.2314,43,320,0.1185,0.5119,363,0,1.0,8.4419,29,334,0.0799,0.6744
33,benzyl,163,9,154,0.0552,9,154,0.0552,1.0,163,0,1.0,18.1111,8,155,0.0491,0.8889
34,different,807,121,686,0.1499,96,711,0.119,0.7934,807,0,1.0,8.4062,60,747,0.0743,0.625
35,crystal,5162,181,4981,0.0351,131,5031,0.0254,0.7238,5162,0,1.0,39.4046,82,5080,0.0159,0.626
36,formation,1651,150,1501,0.0909,103,1548,0.0624,0.6867,1651,0,1.0,16.0291,66,1585,0.04,0.6408
37,readily,263,49,214,0.1863,31,232,0.1179,0.6327,263,0,1.0,8.4839,19,244,0.0722,0.6129
38,available,5477,330,5147,0.0603,289,5188,0.0528,0.8758,5477,0,1.0,18.9516,204,5273,0.0372,0.7059
39,conception,68,39,29,0.5735,24,44,0.3529,0.6154,68,0,1.0,2.8333,12,56,0.1765,0.5
40,analysis,227,54,173,0.2379,49,178,0.2159,0.9074,227,0,1.0,4.6327,24,203,0.1057,0.4898
41,pymol,30,2,28,0.0667,1,29,0.0333,0.5,30,0,1.0,30.0,0,30,0.0,0.0
42,central,80,3,77,0.0375,2,78,0.025,0.6667,80,0,1.0,40.0,1,79,0.0125,0.5
43,piperidine,288,39,249,0.1354,24,264,0.0833,0.6154,288,0,1.0,12.0,1,287,0.0035,0.0417
44,enable,141,25,116,0.1773,22,119,0.156,0.88,141,0,1.0,6.4091,13,128,0.0922,0.5909
45,pocket,1131,145,986,0.1282,102,1029,0.0902,0.7034,1131,0,1.0,11.0882,41,1090,0.0363,0.402
46,2-phenylethyl,20,9,11,0.45,0,20,0.0,0.0,20,0,1.0,0.0,0,20,0.0,0.0
47,important,160,10,150,0.0625,7,153,0.0438,0.7,160,0,1.0,22.8571,0,160,0.0,0.0
48,automated,1,1,0,1.0,0,1,0.0,0.0,1,0,1.0,0.0,0,1,0.0,0.0
49,synthesis,1223,312,911,0.2551,249,974,0.2036,0.7981,1223,0,1.0,4.9116,180,1043,0.1472,0.7229
50,planning,8,1,7,0.125,0,8,0.0,0.0,8,0,1.0,0.0,0,8,0.0,0.0
51,electrophile,54,32,22,0.5926,30,24,0.5556,0.9375,54,0,1.0,1.8,30,24,0.5556,1.0
52,disconnected,1,1,0,1.0,0,1,0.0,0.0,1,0,1.0,0.0,0,1,0.0,0.0
53,due,4112,65,4047,0.0158,49,4063,0.0119,0.7538,4112,0,1.0,83.9184,35,4077,0.0085,0.7143
54,stability,324,63,261,0.1944,36,288,0.1111,0.5714,324,0,1.0,9.0,30,294,0.0926,0.8333
55,stereobonds,1,1,0,1.0,0,1,0.0,0.0,1,0,1.0,0.0,0,1,0.0,0.0
56,relative,291,31,260,0.1065,23,268,0.079,0.7419,291,0,1.0,12.6522,17,274,0.0584,0.7391
57,stereochemistry,35,13,22,0.3714,12,23,0.3429,0.9231,35,0,1.0,2.9167,12,23,0.3429,1.0
58,synthetic,620,102,518,0.1645,88,532,0.1419,0.8627,620,0,1.0,7.0455,40,580,0.0645,0.4545
59,entails,1,1,0,1.0,0,1,0.0,0.0,1,0,1.0,0.0,0,1,0.0,0.0
60,email,143,11,132,0.0769,6,137,0.042,0.5455,143,0,1.0,23.8333,3,140,0.021,0.5
61,non-covalent,4023,91,3932,0.0226,52,3971,0.0129,0.5714,4023,0,1.0,77.3654,19,4004,0.0047,0.3654
62,around,725,141,584,0.1945,128,597,0.1766,0.9078,725,0,1.0,5.6641,94,631,0.1297,0.7344
63,cysteine,1438,11,1427,0.0076,8,1430,0.0056,0.7273,1438,0,1.0,179.75,5,1433,0.0035,0.625
64,interact,4735,143,4592,0.0302,109,4626,0.023,0.7622,4735,0,1.0,43.4404,53,4682,0.0112,0.4862
65,glutamine,14,2,12,0.1429,2,12,0.1429,1.0,14,0,1.0,7.0,0,14,0.0,0.0
66,met,3423,399,3024,0.1166,264,3159,0.0771,0.6617,3423,0,1.0,12.9659,206,3217,0.0602,0.7803
67,deeper,23,2,21,0.087,2,21,0.087,1.0,23,0,1.0,11.5,0,23,0.0,0.0
68,poke,12,3,9,0.25,3,9,0.25,1.0,12,0,1.0,4.0,0,12,0.0,0.0
69,inspired,504,28,476,0.0556,24,480,0.0476,0.8571,504,0,1.0,21.0,12,492,0.0238,0.5
70,anti-hiv1,4,0,4,0.0,0,4,0.0,0.0,4,0,1.0,0.0,0,4,0.0,0.0
71,drug,863,93,770,0.1078,82,781,0.095,0.8817,863,0,1.0,10.5244,22,841,0.0255,0.2683
72,temsavir,4,0,4,0.0,0,4,0.0,0.0,4,0,1.0,0.0,0,4,0.0,0.0
73,structural,601,88,513,0.1464,82,519,0.1364,0.9318,601,0,1.0,7.3293,31,570,0.0516,0.378
74,inform,420,34,386,0.081,27,393,0.0643,0.7941,420,0,1.0,15.5556,14,406,0.0333,0.5185
75,progress,18,2,16,0.1111,2,16,0.1111,1.0,18,0,1.0,9.0,2,16,0.1111,1.0
76,piperazine,365,54,311,0.1479,26,339,0.0712,0.4815,365,0,1.0,14.0385,19,346,0.0521,0.7308
77,series,1359,119,1240,0.0876,97,1262,0.0714,0.8151,1359,0,1.0,14.0103,68,1291,0.05,0.701
78,bicyclic,92,33,59,0.3587,21,71,0.2283,0.6364,92,0,1.0,4.381,19,73,0.2065,0.9048
79,n-cyclic,9,2,7,0.2222,0,9,0.0,0.0,9,0,1.0,0.0,0,9,0.0,0.0
80,maintain,123,24,99,0.1951,11,112,0.0894,0.4583,123,0,1.0,11.1818,9,114,0.0732,0.8182
81,core,4178,122,4056,0.0292,93,4085,0.0223,0.7623,4178,0,1.0,44.9247,29,4149,0.0069,0.3118
82,analogue,909,135,774,0.1485,113,796,0.1243,0.837,909,0,1.0,8.0442,72,837,0.0792,0.6372
83,alkylate,7,2,5,0.2857,0,7,0.0,0.0,7,0,1.0,0.0,0,7,0.0,0.0
84,easier,92,9,83,0.0978,3,89,0.0326,0.3333,92,0,1.0,30.6667,2,90,0.0217,0.6667
85,synthesise,159,14,145,0.0881,12,147,0.0755,0.8571,159,0,1.0,13.25,7,152,0.044,0.5833
86,amenable,19,9,10,0.4737,7,12,0.3684,0.7778,19,0,1.0,2.7143,7,12,0.3684,1.0
87,studies,119,6,113,0.0504,4,115,0.0336,0.6667,119,0,1.0,29.75,4,115,0.0336,1.0
88,bromide,22,3,19,0.1364,0,22,0.0,0.0,22,0,1.0,0.0,0,22,0.0,0.0
89,cross-coupling,27,2,25,0.0741,0,27,0.0,0.0,27,0,1.0,0.0,0,27,0.0,0.0
90,attach,256,32,224,0.125,22,234,0.0859,0.6875,256,0,1.0,11.6364,20,236,0.0781,0.9091
91,probe,96,12,84,0.125,6,90,0.0625,0.5,96,0,1.0,16.0,6,90,0.0625,1.0
92,further,647,72,575,0.1113,68,579,0.1051,0.9444,647,0,1.0,9.5147,41,606,0.0634,0.6029
93,changed,63,5,58,0.0794,2,61,0.0317,0.4,63,0,1.0,31.5,1,62,0.0159,0.5
94,making,102,6,96,0.0588,3,99,0.0294,0.5,102,0,1.0,34.0,2,100,0.0196,0.6667
95,planar,51,10,41,0.1961,8,43,0.1569,0.8,51,0,1.0,6.375,8,43,0.1569,1.0
96,conformation,561,89,472,0.1586,62,499,0.1105,0.6966,561,0,1.0,9.0484,44,517,0.0784,0.7097
97,synthesisable,12,2,10,0.1667,2,10,0.1667,1.0,12,0,1.0,6.0,0,12,0.0,0.0
98,a-diazo,12,2,10,0.1667,2,10,0.1667,1.0,12,0,1.0,6.0,0,12,0.0,0.0
99,a-aryl,12,2,10,0.1667,2,10,0.1667,1.0,12,0,1.0,6.0,0,12,0.0,0.0
100,insertion,18,2,16,0.1111,2,16,0.1111,1.0,18,0,1.0,9.0,0,18,0.0,0.0
101,cyclopropanation,12,2,10,0.1667,2,10,0.1667,1.0,12,0,1.0,6.0,0,12,0.0,0.0
102,inspected,7,0,7,0.0,0,7,0.0,0.0,7,0,1.0,0.0,0,7,0.0,0.0
103,identified,366,25,341,0.0683,22,344,0.0601,0.88,366,0,1.0,16.6364,14,352,0.0383,0.6364
104,active,1511,76,1435,0.0503,60,1451,0.0397,0.7895,1511,0,1.0,25.1833,42,1469,0.0278,0.7
105,site,1483,117,1366,0.0789,91,1392,0.0614,0.7778,1483,0,1.0,16.2967,59,1424,0.0398,0.6484
106,overlapping,97,13,84,0.134,5,92,0.0515,0.3846,97,0,1.0,19.4,4,93,0.0412,0.8
107,bicycle,4,0,4,0.0,0,4,0.0,0.0,4,0,1.0,0.0,0,4,0.0,0.0
108,centre,3041,16,3025,0.0053,4,3037,0.0013,0.25,3041,0,1.0,760.25,4,3037,0.0013,1.0
109,decided,41,9,32,0.2195,9,32,0.2195,1.0,41,0,1.0,4.5556,9,32,0.2195,1.0
110,thiophene,264,54,210,0.2045,26,238,0.0985,0.4815,264,0,1.0,10.1538,20,244,0.0758,0.7692
111,possibly,87,13,74,0.1494,13,74,0.1494,1.0,87,0,1.0,6.6923,2,85,0.023,0.1538
112,interaction,4475,130,4345,0.0291,103,4372,0.023,0.7923,4475,0,1.0,43.4466,52,4423,0.0116,0.5049
113,cys145,186,46,140,0.2473,33,153,0.1774,0.7174,186,0,1.0,5.6364,22,164,0.1183,0.6667
114,shortlisted,31,1,30,0.0323,1,30,0.0323,1.0,31,0,1.0,31.0,1,30,0.0323,1.0
115,pharmacophore,3334,109,3225,0.0327,69,3265,0.0207,0.633,3334,0,1.0,48.3188,34,3300,0.0102,0.4928
116,pyrimidine,182,21,161,0.1154,17,165,0.0934,0.8095,182,0,1.0,10.7059,17,165,0.0934,1.0
117,imidazole,80,16,64,0.2,15,65,0.1875,0.9375,80,0,1.0,5.3333,15,65,0.1875,1.0
118,nitrogen,612,56,556,0.0915,40,572,0.0654,0.7143,612,0,1.0,15.3,28,584,0.0458,0.7
119,non-aromatic,14,0,14,0.0,0,14,0.0,0.0,14,0,1.0,0.0,0,14,0.0,0.0
120,avoid,80,17,63,0.2125,10,70,0.125,0.5882,80,0,1.0,8.0,5,75,0.0625,0.5
121,alternative,224,48,176,0.2143,35,189,0.1562,0.7292,224,0,1.0,6.4,24,200,0.1071,0.6857
122,broken,4,0,4,0.0,0,4,0.0,0.0,4,0,1.0,0.0,0,4,0.0,0.0
123,expose,65,7,58,0.1077,4,61,0.0615,0.5714,65,0,1.0,16.25,3,62,0.0462,0.75
124,s-h,8,0,8,0.0,0,8,0.0,0.0,8,0,1.0,0.0,0,8,0.0,0.0
125,disulfide,7,0,7,0.0,0,7,0.0,0.0,7,0,1.0,0.0,0,7,0.0,0.0
126,bridge,989,6,983,0.0061,5,984,0.0051,0.8333,989,0,1.0,197.8,1,988,0.001,0.2
127,included,527,68,459,0.129,65,462,0.1233,0.9559,527,0,1.0,8.1077,51,476,0.0968,0.7846
128,preferable,4,0,4,0.0,0,4,0.0,0.0,4,0,1.0,0.0,0,4,0.0,0.0
129,bound,338,45,293,0.1331,33,305,0.0976,0.7333,338,0,1.0,10.2424,14,324,0.0414,0.4242
130,putative,24,11,13,0.4583,10,14,0.4167,0.9091,24,0,1.0,2.4,2,22,0.0833,0.2
131,rediues,1,0,1,0.0,0,1,0.0,0.0,1,0,1.0,0.0,0,1,0.0,0.0
132,grid,1,0,1,0.0,0,1,0.0,0.0,1,0,1.0,0.0,0,1,0.0,0.0
133,ftmap,1,0,1,0.0,0,1,0.0,0.0,1,0,1.0,0.0,0,1,0.0,0.0
134,calulations,1,0,1,0.0,0,1,0.0,0.0,1,0,1.0,0.0,0,1,0.0,0.0
135,carried,58,3,55,0.0517,3,55,0.0517,1.0,58,0,1.0,19.3333,2,56,0.0345,0.6667
136,within,107,25,82,0.2336,24,83,0.2243,0.96,107,0,1.0,4.4583,16,91,0.1495,0.6667
137,chemscore,2913,0,2913,0.0,0,2913,0.0,0.0,2913,0,1.0,0.0,0,2913,0.0,0.0
138,sscoring,1,0,1,0.0,0,1,0.0,0.0,1,0,1.0,0.0,0,1,0.0,0.0
139,function,3614,82,3532,0.0227,63,3551,0.0174,0.7683,3614,0,1.0,57.3651,10,3604,0.0028,0.1587
140,although,264,12,252,0.0455,11,253,0.0417,0.9167,264,0,1.0,24.0,8,256,0.0303,0.7273
141,exacly,1,0,1,0.0,0,1,0.0,0.0,1,0,1.0,0.0,0,1,0.0,0.0
142,observed,3101,30,3071,0.0097,26,3075,0.0084,0.8667,3101,0,1.0,119.2692,12,3089,0.0039,0.4615
143,mantained,2,0,2,0.0,0,2,0.0,0.0,2,0,1.0,0.0,0,2,0.0,0.0
144,presence,32,6,26,0.1875,6,26,0.1875,1.0,32,0,1.0,5.3333,0,32,0.0,0.0
145,contiguous,6,0,6,0.0,0,6,0.0,0.0,6,0,1.0,0.0,0,6,0.0,0.0
146,however,339,11,328,0.0324,9,330,0.0265,0.8182,339,0,1.0,37.6667,4,335,0.0118,0.4444
147,racemic,43,9,34,0.2093,7,36,0.1628,0.7778,43,0,1.0,6.1429,7,36,0.1628,1.0
148,preparation,130,3,127,0.0231,0,130,0.0,0.0,130,0,1.0,0.0,0,130,0.0,0.0
149,propose,288,38,250,0.1319,26,262,0.0903,0.6842,288,0,1.0,11.0769,15,273,0.0521,0.5769
150,functionalization,27,7,20,0.2593,7,20,0.2593,1.0,27,0,1.0,3.8571,6,21,0.2222,0.8571
151,benzene,136,19,117,0.1397,16,120,0.1176,0.8421,136,0,1.0,8.5,14,122,0.1029,0.875
152,halogen,147,10,137,0.068,9,138,0.0612,0.9,147,0,1.0,16.3333,8,139,0.0544,0.8889
153,occupy,101,7,94,0.0693,6,95,0.0594,0.8571,101,0,1.0,16.8333,4,97,0.0396,0.6667
154,m165,54,3,51,0.0556,3,51,0.0556,1.0,54,0,1.0,18.0,2,52,0.037,0.6667
155,h41,34,3,31,0.0882,3,31,0.0882,1.0,34,0,1.0,11.3333,2,32,0.0588,0.6667
156,f181,17,3,14,0.1765,3,14,0.1765,1.0,17,0,1.0,5.6667,2,15,0.1176,0.6667
157,aim,343,47,296,0.137,38,305,0.1108,0.8085,343,0,1.0,9.0263,32,311,0.0933,0.8421
158,adjacent,80,22,58,0.275,19,61,0.2375,0.8636,80,0,1.0,4.2105,17,63,0.2125,0.8947
159,alkylation,129,9,120,0.0698,5,124,0.0388,0.5556,129,0,1.0,25.8,2,127,0.0155,0.4
160,medchem,254,84,170,0.3307,41,213,0.1614,0.4881,254,0,1.0,6.1951,36,218,0.1417,0.878
161,morpholine,55,12,43,0.2182,9,46,0.1636,0.75,55,0,1.0,6.1111,4,51,0.0727,0.4444
162,maestro,48,4,44,0.0833,4,44,0.0833,1.0,48,0,1.0,12.0,2,46,0.0417,0.5
163,minimised,65,13,52,0.2,8,57,0.1231,0.6154,65,0,1.0,8.125,2,63,0.0308,0.25
164,reduce,377,59,318,0.1565,33,344,0.0875,0.5593,377,0,1.0,11.4242,30,347,0.0796,0.9091
165,steric,176,36,140,0.2045,26,150,0.1477,0.7222,176,0,1.0,6.7692,13,163,0.0739,0.5
166,strategy,70,16,54,0.2286,6,64,0.0857,0.375,70,0,1.0,11.6667,2,68,0.0286,0.3333
167,described,147,13,134,0.0884,13,134,0.0884,1.0,147,0,1.0,11.3077,6,141,0.0408,0.4615
168,simone,17,3,14,0.1765,3,14,0.1765,1.0,17,0,1.0,5.6667,2,15,0.1176,0.6667
169,chemical,738,122,616,0.1653,98,640,0.1328,0.8033,738,0,1.0,7.5306,50,688,0.0678,0.5102
170,doi,562,65,497,0.1157,55,507,0.0979,0.8462,562,0,1.0,10.2182,45,517,0.0801,0.8182
171,c8sc03831g,17,3,14,0.1765,3,14,0.1765,1.0,17,0,1.0,5.6667,2,15,0.1176,0.6667
172,chemistry,760,140,620,0.1842,109,651,0.1434,0.7786,760,0,1.0,6.9725,87,673,0.1145,0.7982
173,helpful,95,16,79,0.1684,15,80,0.1579,0.9375,95,0,1.0,6.3333,6,89,0.0632,0.4
174,devise,21,3,18,0.1429,3,18,0.1429,1.0,21,0,1.0,7.0,2,19,0.0952,0.6667
175,inside,6,1,5,0.1667,1,5,0.1667,1.0,6,0,1.0,6.0,0,6,0.0,0.0
176,potential,1168,197,971,0.1687,135,1033,0.1156,0.6853,1168,0,1.0,8.6519,93,1075,0.0796,0.6889
177,rigid,75,4,71,0.0533,2,73,0.0267,0.5,75,0,1.0,37.5,1,74,0.0133,0.5
178,hydrophilic,32,3,29,0.0938,2,30,0.0625,0.6667,32,0,1.0,16.0,1,31,0.0312,0.5
179,solvent,140,15,125,0.1071,11,129,0.0786,0.7333,140,0,1.0,12.7273,10,130,0.0714,0.9091
180,triazole,214,70,144,0.3271,55,159,0.257,0.7857,214,0,1.0,3.8909,50,164,0.2336,0.9091
181,moiety,225,6,219,0.0267,5,220,0.0222,0.8333,225,0,1.0,45.0,0,225,0.0,0.0
182,incorporation,47,18,29,0.383,17,30,0.3617,0.9444,47,0,1.0,2.7647,2,45,0.0426,0.1176
183,cheap,23,2,21,0.087,2,21,0.087,1.0,23,0,1.0,11.5,0,23,0.0,0.0
184,functional,402,46,356,0.1144,42,360,0.1045,0.913,402,0,1.0,9.5714,9,393,0.0224,0.2143
185,install,7,2,5,0.2857,1,6,0.1429,0.5,7,0,1.0,7.0,0,7,0.0,0.0
186,inhibitor,1793,69,1724,0.0385,59,1734,0.0329,0.8551,1793,0,1.0,30.3898,29,1764,0.0162,0.4915
187,parallel,187,70,117,0.3743,64,123,0.3422,0.9143,187,0,1.0,2.9219,63,124,0.3369,0.9844
188,fine-tuning,3,1,2,0.3333,1,2,0.3333,1.0,3,0,1.0,3.0,0,3,0.0,0.0
189,various,178,9,169,0.0506,8,170,0.0449,0.8889,178,0,1.0,22.25,7,171,0.0393,0.875
190,couple,90,27,63,0.3,23,67,0.2556,0.8519,90,0,1.0,3.913,17,73,0.1889,0.7391
191,alkyne,29,8,21,0.2759,8,21,0.2759,1.0,29,0,1.0,3.625,7,22,0.2414,0.875
192,gln189,123,28,95,0.2276,22,101,0.1789,0.7857,123,0,1.0,5.5909,18,105,0.1463,0.8182
193,straightforward,40,23,17,0.575,19,21,0.475,0.8261,40,0,1.0,2.1053,11,29,0.275,0.5789
194,2-3,72,8,64,0.1111,7,65,0.0972,0.875,72,0,1.0,10.2857,6,66,0.0833,0.8571
195,dependent,161,7,154,0.0435,4,157,0.0248,0.5714,161,0,1.0,40.25,0,161,0.0,0.0
196,functionality,28,1,27,0.0357,1,27,0.0357,1.0,28,0,1.0,28.0,0,28,0.0,0.0
197,already,258,23,235,0.0891,18,240,0.0698,0.7826,258,0,1.0,14.3333,10,248,0.0388,0.5556
198,cyclization,22,2,20,0.0909,1,21,0.0455,0.5,22,0,1.0,22.0,1,21,0.0455,1.0
199,reductive,114,65,49,0.5702,9,105,0.0789,0.1385,114,0,1.0,12.6667,8,106,0.0702,0.8889
200,amination,115,65,50,0.5652,9,106,0.0783,0.1385,115,0,1.0,12.7778,8,107,0.0696,0.8889
201,dihydroquinolinone,4,1,3,0.25,0,4,0.0,0.0,4,0,1.0,0.0,0,4,0.0,0.0
202,produced,61,1,60,0.0164,1,60,0.0164,1.0,61,0,1.0,61.0,0,61,0.0,0.0
203,x0104-x0387,2,0,2,0.0,0,2,0.0,0.0,2,0,1.0,0.0,0,2,0.0,0.0
204,x104-x0072,2,0,2,0.0,0,2,0.0,0.0,2,0,1.0,0.0,0,2,0.0,0.0
205,7-position,2,0,2,0.0,0,2,0.0,0.0,2,0,1.0,0.0,0,2,0.0,0.0
206,indole,139,17,122,0.1223,10,129,0.0719,0.5882,139,0,1.0,13.9,4,135,0.0288,0.4
207,chosen,388,72,316,0.1856,58,330,0.1495,0.8056,388,0,1.0,6.6897,42,346,0.1082,0.7241
208,hydrophobic,214,26,188,0.1215,25,189,0.1168,0.9615,214,0,1.0,8.56,15,199,0.0701,0.6
209,protease,1881,77,1804,0.0409,65,1816,0.0346,0.8442,1881,0,1.0,28.9385,32,1849,0.017,0.4923
210,therefore,139,27,112,0.1942,21,118,0.1511,0.7778,139,0,1.0,6.619,12,127,0.0863,0.5714
211,nearby,65,0,65,0.0,0,65,0.0,0.0,65,0,1.0,0.0,0,65,0.0,0.0
212,subsite,111,8,103,0.0721,8,103,0.0721,1.0,111,0,1.0,13.875,7,104,0.0631,0.875
213,easily,179,12,167,0.067,12,167,0.067,1.0,179,0,1.0,14.9167,7,172,0.0391,0.5833
214,strain,362,89,273,0.2459,82,280,0.2265,0.9213,362,0,1.0,4.4146,28,334,0.0773,0.3415
215,molecular,846,46,800,0.0544,38,808,0.0449,0.8261,846,0,1.0,22.2632,15,831,0.0177,0.3947
216,supplied,17,0,17,0.0,0,17,0.0,0.0,17,0,1.0,0.0,0,17,0.0,0.0
217,pdb,1733,81,1652,0.0467,61,1672,0.0352,0.7531,1733,0,1.0,28.4098,53,1680,0.0306,0.8689
218,simply,247,3,244,0.0121,0,247,0.0,0.0,247,0,1.0,0.0,0,247,0.0,0.0
219,superposition,4,0,4,0.0,0,4,0.0,0.0,4,0,1.0,0.0,0,4,0.0,0.0
220,coordinates,771,27,744,0.035,26,745,0.0337,0.963,771,0,1.0,29.6538,21,750,0.0272,0.8077
221,request,186,2,184,0.0108,0,186,0.0,0.0,186,0,1.0,0.0,0,186,0.0,0.0
222,structure-guided,48,6,42,0.125,4,44,0.0833,0.6667,48,0,1.0,12.0,1,47,0.0208,0.25
223,optimisation,74,6,68,0.0811,4,70,0.0541,0.6667,74,0,1.0,18.5,4,70,0.0541,1.0
224,rationale,204,27,177,0.1324,26,178,0.1275,0.963,204,0,1.0,7.8462,17,187,0.0833,0.6538
225,ayz,12,0,12,0.0,0,12,0.0,0.0,12,0,1.0,0.0,0,12,0.0,0.0
226,iterative,42,6,36,0.1429,6,36,0.1429,1.0,42,0,1.0,7.0,0,42,0.0,0.0
227,software,4301,22,4279,0.0051,17,4284,0.004,0.7727,4301,0,1.0,253.0,7,4294,0.0016,0.4118
228,seesar,769,18,751,0.0234,6,763,0.0078,0.3333,769,0,1.0,128.1667,3,766,0.0039,0.5
229,optimise,170,27,143,0.1588,27,143,0.1588,1.0,170,0,1.0,6.2963,25,145,0.1471,0.9259
230,affinity,747,55,692,0.0736,42,705,0.0562,0.7636,747,0,1.0,17.7857,22,725,0.0295,0.5238
231,convert,44,0,44,0.0,0,44,0.0,0.0,44,0,1.0,0.0,0,44,0.0,0.0
232,into,4319,139,4180,0.0322,112,4207,0.0259,0.8058,4319,0,1.0,38.5625,53,4266,0.0123,0.4732
233,covalent,5053,229,4824,0.0453,155,4898,0.0307,0.6769,5053,0,1.0,32.6,76,4977,0.015,0.4903
234,compound,4567,1005,3562,0.2201,846,3721,0.1852,0.8418,4567,0,1.0,5.3983,448,4119,0.0981,0.5296
235,thiol,90,2,88,0.0222,1,89,0.0111,0.5,90,0,1.0,90.0,1,89,0.0111,1.0
236,mid,3543,492,3051,0.1389,364,3179,0.1027,0.7398,3543,0,1.0,9.7335,236,3307,0.0666,0.6484
237,growth,61,10,51,0.1639,7,54,0.1148,0.7,61,0,1.0,8.7143,4,57,0.0656,0.5714
238,adapted,28,1,27,0.0357,1,27,0.0357,1.0,28,0,1.0,28.0,0,28,0.0,0.0
239,yesterday,9,0,9,0.0,0,9,0.0,0.0,9,0,1.0,0.0,0,9,0.0,0.0
240,submission,1803,287,1516,0.1592,238,1565,0.132,0.8293,1803,0,1.0,7.5756,82,1721,0.0455,0.3445
241,swapped,27,0,27,0.0,0,27,0.0,0.0,27,0,1.0,0.0,0,27,0.0,0.0
242,hydrogen,3513,59,3454,0.0168,47,3466,0.0134,0.7966,3513,0,1.0,74.7447,36,3477,0.0102,0.766
243,bond,1791,165,1626,0.0921,130,1661,0.0726,0.7879,1791,0,1.0,13.7769,81,1710,0.0452,0.6231
244,pat-unk-b2d,9,8,1,0.8889,0,9,0.0,0.0,9,0,1.0,0.0,0,9,0.0,0.0
245,lipophilic,2677,60,2617,0.0224,46,2631,0.0172,0.7667,2677,0,1.0,58.1957,27,2650,0.0101,0.587
246,residue,3970,41,3929,0.0103,30,3940,0.0076,0.7317,3970,0,1.0,132.3333,23,3947,0.0058,0.7667
247,n-methylene,9,8,1,0.8889,0,9,0.0,0.0,9,0,1.0,0.0,0,9,0.0,0.0
248,target,1000,119,881,0.119,86,914,0.086,0.7227,1000,0,1.0,11.6279,58,942,0.058,0.6744
249,conservative,40,8,32,0.2,0,40,0.0,0.0,40,0,1.0,0.0,0,40,0.0,0.0
250,p-me,9,8,1,0.8889,0,9,0.0,0.0,9,0,1.0,0.0,0,9,0.0,0.0
251,p-cf3,10,8,2,0.8,0,10,0.0,0.0,10,0,1.0,0.0,0,10,0.0,0.0
252,stereogenic,9,8,1,0.8889,0,9,0.0,0.0,9,0,1.0,0.0,0,9,0.0,0.0
253,racemate,162,42,120,0.2593,32,130,0.1975,0.7619,162,0,1.0,5.0625,30,132,0.1852,0.9375
254,ketone,26,8,18,0.3077,0,26,0.0,0.0,26,0,1.0,0.0,0,26,0.0,0.0
255,conjugate,9,8,1,0.8889,0,9,0.0,0.0,9,0,1.0,0.0,0,9,0.0,0.0
256,addition,981,156,825,0.159,107,874,0.1091,0.6859,981,0,1.0,9.1682,73,908,0.0744,0.6822
257,arylvinyl,9,8,1,0.8889,0,9,0.0,0.0,9,0,1.0,0.0,0,9,0.0,0.0
258,rational,354,27,327,0.0763,26,328,0.0734,0.963,354,0,1.0,13.6154,17,337,0.048,0.6538
259,flexibility,161,20,141,0.1242,15,146,0.0932,0.75,161,0,1.0,10.7333,12,149,0.0745,0.8
260,navigating,6,3,3,0.5,3,3,0.5,1.0,6,0,1.0,2.0,0,6,0.0,0.0
261,enamine,2398,612,1786,0.2552,537,1861,0.2239,0.8775,2398,0,1.0,4.4655,270,2128,0.1126,0.5028
262,combinig,1,1,0,1.0,1,0,1.0,1.0,1,0,1.0,1.0,0,1,0.0,0.0
263,pyridyl,56,11,45,0.1964,7,49,0.125,0.6364,56,0,1.0,8.0,2,54,0.0357,0.2857
264,bidentate,6,1,5,0.1667,1,5,0.1667,1.0,6,0,1.0,6.0,0,6,0.0,0.0
265,backbone,313,22,291,0.0703,20,293,0.0639,0.9091,313,0,1.0,15.65,10,303,0.0319,0.5
266,guided,69,8,61,0.1159,6,63,0.087,0.75,69,0,1.0,11.5,1,68,0.0145,0.1667
267,hotspot,38,4,34,0.1053,3,35,0.0789,0.75,38,0,1.0,12.6667,1,37,0.0263,0.3333
268,his163,176,12,164,0.0682,9,167,0.0511,0.75,176,0,1.0,19.5556,2,174,0.0114,0.2222
269,glu166,255,25,230,0.098,13,242,0.051,0.52,255,0,1.0,19.6154,8,247,0.0314,0.6154
270,subpocket,78,15,63,0.1923,6,72,0.0769,0.4,78,0,1.0,13.0,3,75,0.0385,0.5
271,seen,119,11,108,0.0924,8,111,0.0672,0.7273,119,0,1.0,14.875,6,113,0.0504,0.75
272,propensity,9,2,7,0.2222,2,7,0.2222,1.0,9,0,1.0,4.5,0,9,0.0,0.0
273,synthetically,132,15,117,0.1136,14,118,0.1061,0.9333,132,0,1.0,9.4286,5,127,0.0379,0.3571
274,feasible,21,2,19,0.0952,1,20,0.0476,0.5,21,0,1.0,21.0,1,20,0.0476,1.0
275,visualisation,2,1,1,0.5,0,2,0.0,0.0,2,0,1.0,0.0,0,2,0.0,0.0
276,spec,926,190,736,0.2052,165,761,0.1782,0.8684,926,0,1.0,5.6121,36,890,0.0389,0.2182
277,data,1195,197,998,0.1649,176,1019,0.1473,0.8934,1195,0,1.0,6.7898,39,1156,0.0326,0.2216
278,provided,114,6,108,0.0526,5,109,0.0439,0.8333,114,0,1.0,22.8,0,114,0.0,0.0
279,compared,80,6,74,0.075,5,75,0.0625,0.8333,80,0,1.0,16.0,0,80,0.0,0.0
280,orientation,273,23,250,0.0842,16,257,0.0586,0.6957,273,0,1.0,17.0625,4,269,0.0147,0.25
281,cyclohexyl,115,15,100,0.1304,5,110,0.0435,0.3333,115,0,1.0,23.0,3,112,0.0261,0.6
282,alkyl,295,25,270,0.0847,16,279,0.0542,0.64,295,0,1.0,18.4375,11,284,0.0373,0.6875
283,amine,3173,834,2339,0.2628,726,2447,0.2288,0.8705,3173,0,1.0,4.3705,451,2722,0.1421,0.6212
284,attempt,370,63,307,0.1703,48,322,0.1297,0.7619,370,0,1.0,7.7083,32,338,0.0865,0.6667
285,garner,2,1,1,0.5,0,2,0.0,0.0,2,0,1.0,0.0,0,2,0.0,0.0
286,additional,441,73,368,0.1655,53,388,0.1202,0.726,441,0,1.0,8.3208,38,403,0.0862,0.717
287,improve,497,134,363,0.2696,81,416,0.163,0.6045,497,0,1.0,6.1358,65,432,0.1308,0.8025
288,combine,388,31,357,0.0799,23,365,0.0593,0.7419,388,0,1.0,16.8696,16,372,0.0412,0.6957
289,warhead,1076,92,984,0.0855,80,996,0.0743,0.8696,1076,0,1.0,13.45,47,1029,0.0437,0.5875
290,sulfonamide,366,74,292,0.2022,52,314,0.1421,0.7027,366,0,1.0,7.0385,43,323,0.1175,0.8269
291,arrived,28,10,18,0.3571,9,19,0.3214,0.9,28,0,1.0,3.1111,6,22,0.2143,0.6667
292,biovia,25,8,17,0.32,7,18,0.28,0.875,25,0,1.0,3.5714,4,21,0.16,0.5714
293,discovery,157,21,136,0.1338,20,137,0.1274,0.9524,157,0,1.0,7.85,11,146,0.0701,0.55
294,viewer,93,11,82,0.1183,8,85,0.086,0.7273,93,0,1.0,11.625,5,88,0.0538,0.625
295,accessibility,112,21,91,0.1875,17,95,0.1518,0.8095,112,0,1.0,6.5882,4,108,0.0357,0.2353
296,taken,273,38,235,0.1392,27,246,0.0989,0.7105,273,0,1.0,10.1111,24,249,0.0879,0.8889
297,account,172,35,137,0.2035,29,143,0.1686,0.8286,172,0,1.0,5.931,15,157,0.0872,0.5172
298,sorry,87,20,67,0.2299,20,67,0.2299,1.0,87,0,1.0,4.35,8,79,0.092,0.4
299,chiral,270,41,229,0.1519,35,235,0.1296,0.8537,270,0,1.0,7.7143,35,235,0.1296,1.0
300,worth,68,10,58,0.1471,9,59,0.1324,0.9,68,0,1.0,7.5556,9,59,0.1324,1.0
301,phenol,193,7,186,0.0363,6,187,0.0311,0.8571,193,0,1.0,32.1667,5,188,0.0259,0.8333
302,flexible,161,12,149,0.0745,11,150,0.0683,0.9167,161,0,1.0,14.6364,5,156,0.0311,0.4545
303,chain,1361,150,1211,0.1102,116,1245,0.0852,0.7733,1361,0,1.0,11.7328,78,1283,0.0573,0.6724
304,dimer,63,0,63,0.0,0,63,0.0,0.0,63,0,1.0,0.0,0,63,0.0,0.0
305,interface,148,3,145,0.0203,0,148,0.0,0.0,148,0,1.0,0.0,0,148,0.0,0.0
306,ser1,41,0,41,0.0,0,41,0.0,0.0,41,0,1.0,0.0,0,41,0.0,0.0
307,arg4,2,0,2,0.0,0,2,0.0,0.0,2,0,1.0,0.0,0,2,0.0,0.0
308,peptide,109,1,108,0.0092,1,108,0.0092,1.0,109,0,1.0,109.0,0,109,0.0,0.0
309,motif,218,20,198,0.0917,15,203,0.0688,0.75,218,0,1.0,14.5333,6,212,0.0275,0.4
310,sgfr,14,0,14,0.0,0,14,0.0,0.0,14,0,1.0,0.0,0,14,0.0,0.0
311,phenylalanine,6,0,6,0.0,0,6,0.0,0.0,6,0,1.0,0.0,0,6,0.0,0.0
312,side-chain,10,1,9,0.1,1,9,0.1,1.0,10,0,1.0,10.0,1,9,0.1,1.0
313,internal,20,0,20,0.0,0,20,0.0,0.0,20,0,1.0,0.0,0,20,0.0,0.0
314,tertiary,64,15,49,0.2344,6,58,0.0938,0.4,64,0,1.0,10.6667,2,62,0.0312,0.3333
315,uncharged,2,0,2,0.0,0,2,0.0,0.0,2,0,1.0,0.0,0,2,0.0,0.0
316,acetylated,3,0,3,0.0,0,3,0.0,0.0,3,0,1.0,0.0,0,3,0.0,0.0
317,n-terminus,24,0,24,0.0,0,24,0.0,0.0,24,0,1.0,0.0,0,24,0.0,0.0
318,c-terminus,3,0,3,0.0,0,3,0.0,0.0,3,0,1.0,0.0,0,3,0.0,0.0
319,citrulline,2,0,2,0.0,0,2,0.0,0.0,2,0,1.0,0.0,0,2,0.0,0.0
320,arginine,5,0,5,0.0,0,5,0.0,0.0,5,0,1.0,0.0,0,5,0.0,0.0
321,random,179,42,137,0.2346,40,139,0.2235,0.9524,179,0,1.0,4.475,7,172,0.0391,0.175
322,fragement,3,0,3,0.0,0,3,0.0,0.0,3,0,1.0,0.0,0,3,0.0,0.0
323,required,197,15,182,0.0761,15,182,0.0761,1.0,197,0,1.0,13.1333,8,189,0.0406,0.5333
324,practical,8,0,8,0.0,0,8,0.0,0.0,8,0,1.0,0.0,0,8,0.0,0.0
325,blog,9,0,9,0.0,0,9,0.0,0.0,9,0,1.0,0.0,0,9,0.0,0.0
326,ucsf,13,0,13,0.0,0,13,0.0,0.0,13,0,1.0,0.0,0,13,0.0,0.0
327,chimera,26,0,26,0.0,0,26,0.0,0.0,26,0,1.0,0.0,0,26,0.0,0.0
328,autodock,316,13,303,0.0411,8,308,0.0253,0.6154,316,0,1.0,39.5,2,314,0.0063,0.25
329,vina,334,16,318,0.0479,11,323,0.0329,0.6875,334,0,1.0,30.3636,2,332,0.006,0.1818
330,popular,10,0,10,0.0,0,10,0.0,0.0,10,0,1.0,0.0,0,10,0.0,0.0
331,etc,171,13,158,0.076,13,158,0.076,1.0,171,0,1.0,13.1538,9,162,0.0526,0.6923
332,optimization,145,30,115,0.2069,29,116,0.2,0.9667,145,0,1.0,5.0,5,140,0.0345,0.1724
333,seesar9,3,1,2,0.3333,0,3,0.0,0.0,3,0,1.0,0.0,0,3,0.0,0.0
334,sequence,117,9,108,0.0769,9,108,0.0769,1.0,117,0,1.0,13.0,9,108,0.0769,1.0
335,sfgr,12,0,12,0.0,0,12,0.0,0.0,12,0,1.0,0.0,0,12,0.0,0.0
336,sffr,12,0,12,0.0,0,12,0.0,0.0,12,0,1.0,0.0,0,12,0.0,0.0
337,swfr,12,0,12,0.0,0,12,0.0,0.0,12,0,1.0,0.0,0,12,0.0,0.0
338,swgr,12,0,12,0.0,0,12,0.0,0.0,12,0,1.0,0.0,0,12,0.0,0.0
339,swsr,12,0,12,0.0,0,12,0.0,0.0,12,0,1.0,0.0,0,12,0.0,0.0
340,sfsr,12,0,12,0.0,0,12,0.0,0.0,12,0,1.0,0.0,0,12,0.0,0.0
341,unnatural,12,0,12,0.0,0,12,0.0,0.0,12,0,1.0,0.0,0,12,0.0,0.0
342,d-serine,12,0,12,0.0,0,12,0.0,0.0,12,0,1.0,0.0,0,12,0.0,0.0
343,along,51,1,50,0.0196,0,51,0.0,0.0,51,0,1.0,0.0,0,51,0.0,0.0
344,non-charged,12,0,12,0.0,0,12,0.0,0.0,12,0,1.0,0.0,0,12,0.0,0.0
345,cluster,261,57,204,0.2184,49,212,0.1877,0.8596,261,0,1.0,5.3265,8,253,0.0307,0.1633
346,hybrid,172,11,161,0.064,7,165,0.0407,0.6364,172,0,1.0,24.5714,3,169,0.0174,0.4286
347,furthermore,15,4,11,0.2667,4,11,0.2667,1.0,15,0,1.0,3.75,0,15,0.0,0.0
348,shown,220,20,200,0.0909,20,200,0.0909,1.0,220,0,1.0,11.0,6,214,0.0273,0.3
349,acceptable,37,4,33,0.1081,4,33,0.1081,1.0,37,0,1.0,9.25,0,37,0.0,0.0
350,sam-unk-903-1,3,0,3,0.0,0,3,0.0,0.0,3,0,1.0,0.0,0,3,0.0,0.0
351,sam-unk-903-2,3,0,3,0.0,0,3,0.0,0.0,3,0,1.0,0.0,0,3,0.0,0.0
352,introduce,49,14,35,0.2857,3,46,0.0612,0.2143,49,0,1.0,16.3333,3,46,0.0612,1.0
353,greater,648,8,640,0.0123,5,643,0.0077,0.625,648,0,1.0,129.6,5,643,0.0077,1.0
354,rigidity,14,2,12,0.1429,1,13,0.0714,0.5,14,0,1.0,14.0,1,13,0.0714,1.0
355,entropic,12,0,12,0.0,0,12,0.0,0.0,12,0,1.0,0.0,0,12,0.0,0.0
356,penalty,81,20,61,0.2469,19,62,0.2346,0.95,81,0,1.0,4.2632,11,70,0.1358,0.5789
357,structure-based,211,28,183,0.1327,26,185,0.1232,0.9286,211,0,1.0,8.1154,7,204,0.0332,0.2692
358,cyclopentyl,18,1,17,0.0556,1,17,0.0556,1.0,18,0,1.0,18.0,0,18,0.0,0.0
359,version,203,36,167,0.1773,31,172,0.1527,0.8611,203,0,1.0,6.5484,25,178,0.1232,0.8065
360,cyclobutyl,9,1,8,0.1111,0,9,0.0,0.0,9,0,1.0,0.0,0,9,0.0,0.0
361,methyl,1406,160,1246,0.1138,111,1295,0.0789,0.6938,1406,0,1.0,12.6667,87,1319,0.0619,0.7838
362,lock,1903,187,1716,0.0983,142,1761,0.0746,0.7594,1903,0,1.0,13.4014,96,1807,0.0504,0.6761
363,pyridine,2324,232,2092,0.0998,198,2126,0.0852,0.8534,2324,0,1.0,11.7374,83,2241,0.0357,0.4192
364,without,417,34,383,0.0815,28,389,0.0671,0.8235,417,0,1.0,14.8929,13,404,0.0312,0.4643
365,sulphonamide,86,14,72,0.1628,13,73,0.1512,0.9286,86,0,1.0,6.6154,4,82,0.0465,0.3077
366,methylthiazole,6,1,5,0.1667,1,5,0.1667,1.0,6,0,1.0,6.0,0,6,0.0,0.0
367,isostere,143,13,130,0.0909,11,132,0.0769,0.8462,143,0,1.0,13.0,4,139,0.028,0.3636
368,route,132,42,90,0.3182,35,97,0.2652,0.8333,132,0,1.0,3.7714,32,100,0.2424,0.9143
369,ch2,113,13,100,0.115,3,110,0.0265,0.2308,113,0,1.0,37.6667,1,112,0.0088,0.3333
370,linker,467,67,400,0.1435,44,423,0.0942,0.6567,467,0,1.0,10.6136,23,444,0.0493,0.5227
371,methyl-thiazole,6,0,6,0.0,0,6,0.0,0.0,6,0,1.0,0.0,0,6,0.0,0.0
372,vector,214,24,190,0.1121,21,193,0.0981,0.875,214,0,1.0,10.1905,7,207,0.0327,0.3333
373,ethynyl,51,6,45,0.1176,3,48,0.0588,0.5,51,0,1.0,17.0,3,48,0.0588,1.0
374,n-heterocycles,23,1,22,0.0435,0,23,0.0,0.0,23,0,1.0,0.0,0,23,0.0,0.0
375,stabilise,55,3,52,0.0545,2,53,0.0364,0.6667,55,0,1.0,27.5,2,53,0.0364,1.0
376,conserved,87,2,85,0.023,1,86,0.0115,0.5,87,0,1.0,87.0,1,86,0.0115,1.0
377,network,315,47,268,0.1492,42,273,0.1333,0.8936,315,0,1.0,7.5,30,285,0.0952,0.7143
378,x-ray,210,67,143,0.319,49,161,0.2333,0.7313,210,0,1.0,4.2857,30,180,0.1429,0.6122
379,2-pyridine,23,1,22,0.0435,0,23,0.0,0.0,23,0,1.0,0.0,0,23,0.0,0.0
380,3-pyridine,87,15,72,0.1724,11,76,0.1264,0.7333,87,0,1.0,7.9091,2,85,0.023,0.1818
381,4-pyridine,45,1,44,0.0222,0,45,0.0,0.0,45,0,1.0,0.0,0,45,0.0,0.0
382,methyl-imidazole,23,1,22,0.0435,0,23,0.0,0.0,23,0,1.0,0.0,0,23,0.0,0.0
383,pyridazine,27,2,25,0.0741,0,27,0.0,0.0,27,0,1.0,0.0,0,27,0.0,0.0
384,moieties,93,19,74,0.2043,19,74,0.2043,1.0,93,0,1.0,4.8947,19,74,0.2043,1.0
385,carbonyl,569,35,534,0.0615,28,541,0.0492,0.8,569,0,1.0,20.3214,18,551,0.0316,0.6429
386,r188,24,0,24,0.0,0,24,0.0,0.0,24,0,1.0,0.0,0,24,0.0,0.0
387,t190,9,1,8,0.1111,1,8,0.1111,1.0,9,0,1.0,9.0,0,9,0.0,0.0
388,pyrrolidines,8,0,8,0.0,0,8,0.0,0.0,8,0,1.0,0.0,0,8,0.0,0.0
389,aminopyrimidine,8,0,8,0.0,0,8,0.0,0.0,8,0,1.0,0.0,0,8,0.0,0.0
390,proximity,525,3,522,0.0057,0,525,0.0,0.0,525,0,1.0,0.0,0,525,0.0,0.0
391,electronic,93,22,71,0.2366,21,72,0.2258,0.9545,93,0,1.0,4.4286,14,79,0.1505,0.6667
392,density,77,6,71,0.0779,4,73,0.0519,0.6667,77,0,1.0,19.25,3,74,0.039,0.75
393,outside,3,1,2,0.3333,0,3,0.0,0.0,3,0,1.0,0.0,0,3,0.0,0.0
394,geometric,73,2,71,0.0274,1,72,0.0137,0.5,73,0,1.0,73.0,0,73,0.0,0.0
395,arrangement,41,1,40,0.0244,0,41,0.0,0.0,41,0,1.0,0.0,0,41,0.0,0.0
396,volume,30,1,29,0.0333,0,30,0.0,0.0,30,0,1.0,0.0,0,30,0.0,0.0
397,similarity,227,14,213,0.0617,11,216,0.0485,0.7857,227,0,1.0,20.6364,0,227,0.0,0.0
398,known,1227,27,1200,0.022,24,1203,0.0196,0.8889,1227,0,1.0,51.125,14,1213,0.0114,0.5833
399,approved,145,7,138,0.0483,6,139,0.0414,0.8571,145,0,1.0,24.1667,0,145,0.0,0.0
400,isoniazid,2,1,1,0.5,0,2,0.0,0.0,2,0,1.0,0.0,0,2,0.0,0.0
401,tuberculosis,43,1,42,0.0233,0,43,0.0,0.0,43,0,1.0,0.0,0,43,0.0,0.0
402,implies,2,1,1,0.5,0,2,0.0,0.0,2,0,1.0,0.0,0,2,0.0,0.0
403,chloroacetamide,1130,81,1049,0.0717,57,1073,0.0504,0.7037,1130,0,1.0,19.8246,50,1080,0.0442,0.8772
404,fluormethanesulfonammide,17,0,17,0.0,0,17,0.0,0.0,17,0,1.0,0.0,0,17,0.0,0.0
405,bioequivalent,20,2,18,0.1,2,18,0.1,1.0,20,0,1.0,10.0,0,20,0.0,0.0
406,lypophilicity,17,0,17,0.0,0,17,0.0,0.0,17,0,1.0,0.0,0,17,0.0,0.0
407,moreover,20,0,20,0.0,0,20,0.0,0.0,20,0,1.0,0.0,0,20,0.0,0.0
408,electrophilic,43,3,40,0.0698,3,40,0.0698,1.0,43,0,1.0,14.3333,1,42,0.0233,0.3333
409,properties,425,60,365,0.1412,32,393,0.0753,0.5333,425,0,1.0,13.2812,10,415,0.0235,0.3125
410,primary,1465,12,1453,0.0082,8,1457,0.0055,0.6667,1465,0,1.0,183.125,2,1463,0.0014,0.25
411,chloride,122,23,99,0.1885,18,104,0.1475,0.7826,122,0,1.0,6.7778,9,113,0.0738,0.5
412,genotoxicity,17,0,17,0.0,0,17,0.0,0.0,17,0,1.0,0.0,0,17,0.0,0.0
413,fluticasone,17,0,17,0.0,0,17,0.0,0.0,17,0,1.0,0.0,0,17,0.0,0.0
414,propionate,17,0,17,0.0,0,17,0.0,0.0,17,0,1.0,0.0,0,17,0.0,0.0
415,furoate,19,1,18,0.0526,1,18,0.0526,1.0,19,0,1.0,19.0,1,18,0.0526,1.0
416,respiratory,56,1,55,0.0179,1,55,0.0179,1.0,56,0,1.0,56.0,1,55,0.0179,1.0
417,corticosteorids,17,0,17,0.0,0,17,0.0,0.0,17,0,1.0,0.0,0,17,0.0,0.0
418,chlrooacetamide,17,0,17,0.0,0,17,0.0,0.0,17,0,1.0,0.0,0,17,0.0,0.0
419,isonipecotic,17,0,17,0.0,0,17,0.0,0.0,17,0,1.0,0.0,0,17,0.0,0.0
420,acid,587,105,482,0.1789,87,500,0.1482,0.8286,587,0,1.0,6.7471,80,507,0.1363,0.9195
421,reverse,52,6,46,0.1154,3,49,0.0577,0.5,52,0,1.0,17.3333,3,49,0.0577,1.0
422,carboxylic,164,4,160,0.0244,3,161,0.0183,0.75,164,0,1.0,54.6667,2,162,0.0122,0.6667
423,alkylamide,17,0,17,0.0,0,17,0.0,0.0,17,0,1.0,0.0,0,17,0.0,0.0
424,aminic,26,0,26,0.0,0,26,0.0,0.0,26,0,1.0,0.0,0,26,0.0,0.0
425,modfiication,17,0,17,0.0,0,17,0.0,0.0,17,0,1.0,0.0,0,17,0.0,0.0
426,possibility,70,6,64,0.0857,6,64,0.0857,1.0,70,0,1.0,11.6667,2,68,0.0286,0.3333
427,lypophylic,17,0,17,0.0,0,17,0.0,0.0,17,0,1.0,0.0,0,17,0.0,0.0
428,instead,140,21,119,0.15,19,121,0.1357,0.9048,140,0,1.0,7.3684,17,123,0.1214,0.8947
429,isopropyl,33,2,31,0.0606,0,33,0.0,0.0,33,0,1.0,0.0,0,33,0.0,0.0
430,fluorine,84,7,77,0.0833,2,82,0.0238,0.2857,84,0,1.0,42.0,1,83,0.0119,0.5
431,hindrance,32,4,28,0.125,3,29,0.0938,0.75,32,0,1.0,10.6667,3,29,0.0938,1.0
432,because,605,10,595,0.0165,8,597,0.0132,0.8,605,0,1.0,75.625,5,600,0.0083,0.625
433,eventual,26,7,19,0.2692,1,25,0.0385,0.1429,26,0,1.0,26.0,0,26,0.0,0.0
434,methabolism,17,0,17,0.0,0,17,0.0,0.0,17,0,1.0,0.0,0,17,0.0,0.0
435,benzoic,18,0,18,0.0,0,18,0.0,0.0,18,0,1.0,0.0,0,18,0.0,0.0
436,genotoxic,17,0,17,0.0,0,17,0.0,0.0,17,0,1.0,0.0,0,17,0.0,0.0
437,supposed,35,2,33,0.0571,2,33,0.0571,1.0,35,0,1.0,17.5,0,35,0.0,0.0
438,ethylisonipecotate,17,0,17,0.0,0,17,0.0,0.0,17,0,1.0,0.0,0,17,0.0,0.0
439,fully,353,10,343,0.0283,10,343,0.0283,1.0,353,0,1.0,35.3,2,351,0.0057,0.2
440,commercial,1904,82,1822,0.0431,70,1834,0.0368,0.8537,1904,0,1.0,27.2,34,1870,0.0179,0.4857
441,alry,18,1,17,0.0556,1,17,0.0556,1.0,18,0,1.0,18.0,1,17,0.0556,1.0
442,amidathion,17,0,17,0.0,0,17,0.0,0.0,17,0,1.0,0.0,0,17,0.0,0.0
443,1st,51,0,51,0.0,0,51,0.0,0.0,51,0,1.0,0.0,0,51,0.0,0.0
444,hydrolysis,34,7,27,0.2059,5,29,0.1471,0.7143,34,0,1.0,6.8,4,30,0.1176,0.8
445,ester,109,12,97,0.1101,8,101,0.0734,0.6667,109,0,1.0,13.625,2,107,0.0183,0.25
446,2nd,67,4,63,0.0597,4,63,0.0597,1.0,67,0,1.0,16.75,4,63,0.0597,1.0
447,thioamide,26,0,26,0.0,0,26,0.0,0.0,26,0,1.0,0.0,0,26,0.0,0.0
448,reactants,17,0,17,0.0,0,17,0.0,0.0,17,0,1.0,0.0,0,17,0.0,0.0
449,catalyst,17,0,17,0.0,0,17,0.0,0.0,17,0,1.0,0.0,0,17,0.0,0.0
450,replacement,526,152,374,0.289,115,411,0.2186,0.7566,526,0,1.0,4.5739,96,430,0.1825,0.8348
451,respect,195,11,184,0.0564,10,185,0.0513,0.9091,195,0,1.0,19.5,2,193,0.0103,0.2
452,nucleophilic,47,29,18,0.617,13,34,0.2766,0.4483,47,0,1.0,3.6154,11,36,0.234,0.8462
453,attack,5,2,3,0.4,2,3,0.4,1.0,5,0,1.0,2.5,0,5,0.0,0.0
454,chloromethilene,3,2,1,0.6667,2,1,0.6667,1.0,3,0,1.0,1.5,0,3,0.0,0.0
455,inhibition,572,68,504,0.1189,63,509,0.1101,0.9265,572,0,1.0,9.0794,47,525,0.0822,0.746
456,toxicity,176,26,150,0.1477,23,153,0.1307,0.8846,176,0,1.0,7.6522,4,172,0.0227,0.1739
457,electrophilicity,4,2,2,0.5,2,2,0.5,1.0,4,0,1.0,2.0,0,4,0.0,0.0
458,biological,34,2,32,0.0588,2,32,0.0588,1.0,34,0,1.0,17.0,0,34,0.0,0.0
459,replace,853,207,646,0.2427,142,711,0.1665,0.686,853,0,1.0,6.007,115,738,0.1348,0.8099
460,acceptor,295,37,258,0.1254,29,266,0.0983,0.7838,295,0,1.0,10.1724,19,276,0.0644,0.6552
461,responsible,4,2,2,0.5,2,2,0.5,1.0,4,0,1.0,2.0,0,4,0.0,0.0
462,methylene,79,29,50,0.3671,15,64,0.1899,0.5172,79,0,1.0,5.2667,13,66,0.1646,0.8667
463,sulfonyl,159,50,109,0.3145,39,120,0.2453,0.78,159,0,1.0,4.0769,32,127,0.2013,0.8205
464,aryl,190,39,151,0.2053,26,164,0.1368,0.6667,190,0,1.0,7.3077,11,179,0.0579,0.4231
465,tetrahydropyran,42,2,40,0.0476,2,40,0.0476,1.0,42,0,1.0,21.0,0,42,0.0,0.0
466,hba,59,9,50,0.1525,7,52,0.1186,0.7778,59,0,1.0,8.4286,5,54,0.0847,0.7143
467,providing,119,17,102,0.1429,14,105,0.1176,0.8235,119,0,1.0,8.5,4,115,0.0336,0.2857
468,niclosamide,30,14,16,0.4667,13,17,0.4333,0.9286,30,0,1.0,2.3077,2,28,0.0667,0.1538
469,pre-print,21,11,10,0.5238,10,11,0.4762,0.9091,21,0,1.0,2.1,2,19,0.0952,0.2
470,biorxiv,130,17,113,0.1308,14,116,0.1077,0.8235,130,0,1.0,9.2857,5,125,0.0385,0.3571
471,content,45,16,29,0.3556,13,32,0.2889,0.8125,45,0,1.0,3.4615,3,42,0.0667,0.2308
472,965582v2,21,11,10,0.5238,10,11,0.4762,0.9091,21,0,1.0,2.1,2,19,0.0952,0.2
473,n-phenylbenzamide,21,11,10,0.5238,10,11,0.4762,0.9091,21,0,1.0,2.1,2,19,0.0952,0.2
474,scaffold,869,120,749,0.1381,86,783,0.099,0.7167,869,0,1.0,10.1047,31,838,0.0357,0.3605
475,bind,3698,222,3476,0.06,173,3525,0.0468,0.7793,3698,0,1.0,21.3757,92,3606,0.0249,0.5318
476,benzamide,22,11,11,0.5,10,12,0.4545,0.9091,22,0,1.0,2.2,2,20,0.0909,0.2
477,phenylurea,21,11,10,0.5238,10,11,0.4762,0.9091,21,0,1.0,2.1,2,19,0.0952,0.2
478,appreciating,21,11,10,0.5238,10,11,0.4762,0.9091,21,0,1.0,2.1,2,19,0.0952,0.2
479,recognising,31,21,10,0.6774,10,21,0.3226,0.4762,31,0,1.0,3.1,2,29,0.0645,0.2
480,manner,46,11,35,0.2391,10,36,0.2174,0.9091,46,0,1.0,4.6,2,44,0.0435,0.2
481,deceiving,21,11,10,0.5238,10,11,0.4762,0.9091,21,0,1.0,2.1,2,19,0.0952,0.2
482,confidence,44,15,29,0.3409,12,32,0.2727,0.8,44,0,1.0,3.6667,4,40,0.0909,0.3333
483,hypothesis,162,25,137,0.1543,21,141,0.1296,0.84,162,0,1.0,7.7143,4,158,0.0247,0.1905
484,customise,21,11,10,0.5238,10,11,0.4762,0.9091,21,0,1.0,2.1,2,19,0.0952,0.2
485,extend,179,17,162,0.095,11,168,0.0615,0.6471,179,0,1.0,16.2727,2,177,0.0112,0.1818
486,scope,215,28,187,0.1302,24,191,0.1116,0.8571,215,0,1.0,8.9583,16,199,0.0744,0.6667
487,associated,839,33,806,0.0393,24,815,0.0286,0.7273,839,0,1.0,34.9583,16,823,0.0191,0.6667
488,cross-over,40,12,28,0.3,11,29,0.275,0.9167,40,0,1.0,3.6364,2,38,0.05,0.1818
489,h-bond,360,71,289,0.1972,54,306,0.15,0.7606,360,0,1.0,6.6667,35,325,0.0972,0.6481
490,h163,55,25,30,0.4545,24,31,0.4364,0.96,55,0,1.0,2.2917,16,39,0.2909,0.6667
491,exploration,377,106,271,0.2812,84,293,0.2228,0.7925,377,0,1.0,4.4881,56,321,0.1485,0.6667
492,fragment-protein,9,0,9,0.0,0,9,0.0,0.0,9,0,1.0,0.0,0,9,0.0,0.0
493,mix-and-match,9,0,9,0.0,0,9,0.0,0.0,9,0,1.0,0.0,0,9,0.0,0.0
494,approach,334,113,221,0.3383,95,239,0.2844,0.8407,334,0,1.0,3.5158,43,291,0.1287,0.4526
495,r-group,817,1,816,0.0012,1,816,0.0012,1.0,817,0,1.0,817.0,1,816,0.0012,1.0
496,enumeration,113,87,26,0.7699,87,26,0.7699,1.0,113,0,1.0,1.2989,76,37,0.6726,0.8736
497,displace,73,29,44,0.3973,11,62,0.1507,0.3793,73,0,1.0,6.6364,9,64,0.1233,0.8182
498,unfavorable,14,0,14,0.0,0,14,0.0,0.0,14,0,1.0,0.0,0,14,0.0,0.0
499,hydration,135,3,132,0.0222,0,135,0.0,0.0,135,0,1.0,0.0,0,135,0.0,0.0
500,watermap,39,0,39,0.0,0,39,0.0,0.0,39,0,1.0,0.0,0,39,0.0,0.0
501,glide,86,18,68,0.2093,18,68,0.2093,1.0,86,0,1.0,4.7778,4,82,0.0465,0.2222
502,available-,14,0,14,0.0,0,14,0.0,0.0,14,0,1.0,0.0,0,14,0.0,0.0
503,google,198,121,77,0.6111,92,106,0.4646,0.7603,198,0,1.0,2.1522,12,186,0.0606,0.1304
504,1h-2u-tgsuvpn5tibdc7qib0m5voqxbxp,14,0,14,0.0,0,14,0.0,0.0,14,0,1.0,0.0,0,14,0.0,0.0
505,usp,76,42,34,0.5526,17,59,0.2237,0.4048,76,0,1.0,4.4706,11,65,0.1447,0.6471
506,sharing,52,37,15,0.7115,13,39,0.25,0.3514,52,0,1.0,4.0,9,43,0.1731,0.6923
507,semi,25,14,11,0.56,14,11,0.56,1.0,25,0,1.0,1.7857,4,21,0.16,0.2857
508,enzyme,211,22,189,0.1043,13,198,0.0616,0.5909,211,0,1.0,16.2308,8,203,0.0379,0.6154
509,carbamate,45,6,39,0.1333,6,39,0.1333,1.0,45,0,1.0,7.5,2,43,0.0444,0.3333
510,physostigmine,5,4,1,0.8,4,1,0.8,1.0,5,0,1.0,1.25,0,5,0.0,0.0
511,acetylcholinesterase,5,4,1,0.8,4,1,0.8,1.0,5,0,1.0,1.25,0,5,0.0,0.0
512,fusing,11,0,11,0.0,0,11,0.0,0.0,11,0,1.0,0.0,0,11,0.0,0.0
513,nitrogen-containing,11,0,11,0.0,0,11,0.0,0.0,11,0,1.0,0.0,0,11,0.0,0.0
514,proximal,74,10,64,0.1351,7,67,0.0946,0.7,74,0,1.0,10.5714,7,67,0.0946,1.0
515,amidine,34,0,34,0.0,0,34,0.0,0.0,34,0,1.0,0.0,0,34,0.0,0.0
516,potent,1508,259,1249,0.1718,191,1317,0.1267,0.7375,1508,0,1.0,7.8953,119,1389,0.0789,0.623
517,probably,113,11,102,0.0973,11,102,0.0973,1.0,113,0,1.0,10.2727,8,105,0.0708,0.7273
518,snar,25,3,22,0.12,1,24,0.04,0.3333,25,0,1.0,25.0,0,25,0.0,0.0
519,n-alkylation,11,0,11,0.0,0,11,0.0,0.0,11,0,1.0,0.0,0,11,0.0,0.0
520,chloromethylene,5,0,5,0.0,0,5,0.0,0.0,5,0,1.0,0.0,0,5,0.0,0.0
521,thiocarboxylic,5,0,5,0.0,0,5,0.0,0.0,5,0,1.0,0.0,0,5,0.0,0.0
522,sulfur,124,7,117,0.0565,4,120,0.0323,0.5714,124,0,1.0,31.0,2,122,0.0161,0.5
523,libraries,67,17,50,0.2537,3,64,0.0448,0.1765,67,0,1.0,22.3333,0,67,0.0,0.0
524,nice,105,9,96,0.0857,6,99,0.0571,0.6667,105,0,1.0,17.5,5,100,0.0476,0.8333
525,met49,59,10,49,0.1695,10,49,0.1695,1.0,59,0,1.0,5.9,1,58,0.0169,0.1
526,methylketone,1,0,1,0.0,0,1,0.0,0.0,1,0,1.0,0.0,0,1,0.0,0.0
527,catalytic,115,16,99,0.1391,15,100,0.1304,0.9375,115,0,1.0,7.6667,5,110,0.0435,0.3333
528,carbon,670,47,623,0.0701,38,632,0.0567,0.8085,670,0,1.0,17.6316,26,644,0.0388,0.6842
529,modelled,61,4,57,0.0656,2,59,0.0328,0.5,61,0,1.0,30.5,2,59,0.0328,1.0
530,drug-like,168,15,153,0.0893,10,158,0.0595,0.6667,168,0,1.0,16.8,0,168,0.0,0.0
531,excellent,73,3,70,0.0411,3,70,0.0411,1.0,73,0,1.0,24.3333,0,73,0.0,0.0
532,choice,20,5,15,0.25,5,15,0.25,1.0,20,0,1.0,4.0,5,15,0.25,1.0
533,odanacatib,2,0,2,0.0,0,2,0.0,0.0,2,0,1.0,0.0,0,2,0.0,0.0
534,msd,157,5,152,0.0318,3,154,0.0191,0.6,157,0,1.0,52.3333,0,157,0.0,0.0
535,catk,2,0,2,0.0,0,2,0.0,0.0,2,0,1.0,0.0,0,2,0.0,0.0
536,cys-protease,1,0,1,0.0,0,1,0.0,0.0,1,0,1.0,0.0,0,1,0.0,0.0
537,phase,146,15,131,0.1027,15,131,0.1027,1.0,146,0,1.0,9.7333,13,133,0.089,0.8667
538,iii,2,0,2,0.0,0,2,0.0,0.0,2,0,1.0,0.0,0,2,0.0,0.0
539,clinical,133,4,129,0.0301,4,129,0.0301,1.0,133,0,1.0,33.25,0,133,0.0,0.0
540,groupleader,1,0,1,0.0,0,1,0.0,0.0,1,0,1.0,0.0,0,1,0.0,0.0
541,organon,1,0,1,0.0,0,1,0.0,0.0,1,0,1.0,0.0,0,1,0.0,0.0
542,schering-ploug,1,0,1,0.0,0,1,0.0,0.0,1,0,1.0,0.0,0,1,0.0,0.0
543,cathepsin,6,1,5,0.1667,1,5,0.1667,1.0,6,0,1.0,6.0,1,5,0.1667,1.0
544,co-author,5,0,5,0.0,0,5,0.0,0.0,5,0,1.0,0.0,0,5,0.0,0.0
545,entries,17,0,17,0.0,0,17,0.0,0.0,17,0,1.0,0.0,0,17,0.0,0.0
546,2010-2011,1,0,1,0.0,0,1,0.0,0.0,1,0,1.0,0.0,0,1,0.0,0.0
547,project,251,17,234,0.0677,17,234,0.0677,1.0,251,0,1.0,14.7647,6,245,0.0239,0.3529
548,piperidine-nitrile,1,0,1,0.0,0,1,0.0,0.0,1,0,1.0,0.0,0,1,0.0,0.0
549,sigma,8,0,8,0.0,0,8,0.0,0.0,8,0,1.0,0.0,0,8,0.0,0.0
550,696447-1g,1,0,1,0.0,0,1,0.0,0.0,1,0,1.0,0.0,0,1,0.0,0.0
551,cyclohexyloxy,23,0,23,0.0,0,23,0.0,0.0,23,0,1.0,0.0,0,23,0.0,0.0
552,chr-sos-f73,23,0,23,0.0,0,23,0.0,0.0,23,0,1.0,0.0,0,23,0.0,0.0
553,chr-sos-s96,23,0,23,0.0,0,23,0.0,0.0,23,0,1.0,0.0,0,23,0.0,0.0
554,alignment,134,22,112,0.1642,19,115,0.1418,0.8636,134,0,1.0,7.0526,19,115,0.1418,1.0
555,cyclohexyletynyly,23,0,23,0.0,0,23,0.0,0.0,23,0,1.0,0.0,0,23,0.0,0.0
556,chr-sos-b30,39,1,38,0.0256,0,39,0.0,0.0,39,0,1.0,0.0,0,39,0.0,0.0
557,variant,85,5,80,0.0588,2,83,0.0235,0.4,85,0,1.0,42.5,0,85,0.0,0.0
558,chr-sos-70e,12,0,12,0.0,0,12,0.0,0.0,12,0,1.0,0.0,0,12,0.0,0.0
559,rigidi,40,3,37,0.075,1,39,0.025,0.3333,40,0,1.0,40.0,1,39,0.025,1.0
560,chr-sos-709,8,2,6,0.25,2,6,0.25,1.0,8,0,1.0,4.0,0,8,0.0,0.0
561,template,255,28,227,0.1098,18,237,0.0706,0.6429,255,0,1.0,14.1667,5,250,0.0196,0.2778
562,war-xch-eb7,8,2,6,0.25,2,6,0.25,1.0,8,0,1.0,4.0,0,8,0.0,0.0
563,clinical-phase,4,1,3,0.25,1,3,0.25,1.0,4,0,1.0,4.0,0,4,0.0,0.0
564,melatonin,76,10,66,0.1316,5,71,0.0658,0.5,76,0,1.0,15.2,1,75,0.0132,0.2
565,receptor,174,9,165,0.0517,2,172,0.0115,0.2222,174,0,1.0,87.0,0,174,0.0,0.0
566,agonist,8,1,7,0.125,1,7,0.125,1.0,8,0,1.0,8.0,0,8,0.0,0.0
567,diamond,292,41,251,0.1404,35,257,0.1199,0.8537,292,0,1.0,8.3429,25,267,0.0856,0.7143
568,alpha,147,15,132,0.102,10,137,0.068,0.6667,147,0,1.0,14.7,4,143,0.0272,0.4
569,lee,105,3,102,0.0286,3,102,0.0286,1.0,105,0,1.0,35.0,2,103,0.019,0.6667
570,martin,23,5,18,0.2174,3,20,0.1304,0.6,23,0,1.0,7.6667,1,22,0.0435,0.3333
571,smiesko,23,5,18,0.2174,3,20,0.1304,0.6,23,0,1.0,7.6667,1,22,0.0435,0.3333
572,markus,23,5,18,0.2174,3,20,0.1304,0.6,23,0,1.0,7.6667,1,22,0.0435,0.3333
573,lill,23,5,18,0.2174,3,20,0.1304,0.6,23,0,1.0,7.6667,1,22,0.0435,0.3333
574,remarkably,17,5,12,0.2941,3,14,0.1765,0.6,17,0,1.0,5.6667,1,16,0.0588,0.3333
575,-ome,22,5,17,0.2273,3,19,0.1364,0.6,22,0,1.0,7.3333,1,21,0.0455,0.3333
576,representative,123,14,109,0.1138,14,109,0.1138,1.0,123,0,1.0,8.7857,4,119,0.0325,0.2857
577,protein,1521,70,1451,0.046,46,1475,0.0302,0.6571,1521,0,1.0,33.0652,27,1494,0.0178,0.587
578,transformative,9,0,9,0.0,0,9,0.0,0.0,9,0,1.0,0.0,0,9,0.0,0.0
579,leap,9,0,9,0.0,0,9,0.0,0.0,9,0,1.0,0.0,0,9,0.0,0.0
580,substantial,12,0,12,0.0,0,12,0.0,0.0,12,0,1.0,0.0,0,12,0.0,0.0
581,tanimito,9,0,9,0.0,0,9,0.0,0.0,9,0,1.0,0.0,0,9,0.0,0.0
582,implementation,9,0,9,0.0,0,9,0.0,0.0,9,0,1.0,0.0,0,9,0.0,0.0
583,tanimoto,32,3,29,0.0938,3,29,0.0938,1.0,32,0,1.0,10.6667,0,32,0.0,0.0
584,fingerprint,139,57,82,0.4101,42,97,0.3022,0.7368,139,0,1.0,3.3095,33,106,0.2374,0.7857
585,morgan,9,0,9,0.0,0,9,0.0,0.0,9,0,1.0,0.0,0,9,0.0,0.0
586,crystallographic,784,19,765,0.0242,12,772,0.0153,0.6316,784,0,1.0,65.3333,12,772,0.0153,1.0
587,review,136,26,110,0.1912,25,111,0.1838,0.9615,136,0,1.0,5.44,17,119,0.125,0.68
588,driven,11,1,10,0.0909,0,11,0.0,0.0,11,0,1.0,0.0,0,11,0.0,0.0
589,contact,251,64,187,0.255,58,193,0.2311,0.9062,251,0,1.0,4.3276,5,246,0.0199,0.0862
590,conformational,126,37,89,0.2937,33,93,0.2619,0.8919,126,0,1.0,3.8182,18,108,0.1429,0.5455
591,ligand,1658,72,1586,0.0434,52,1606,0.0314,0.7222,1658,0,1.0,31.8846,33,1625,0.0199,0.6346
592,running,34,0,34,0.0,0,34,0.0,0.0,34,0,1.0,0.0,0,34,0.0,0.0
593,minimization,75,3,72,0.04,0,75,0.0,0.0,75,0,1.0,0.0,0,75,0.0,0.0
594,amber,32,0,32,0.0,0,32,0.0,0.0,32,0,1.0,0.0,0,32,0.0,0.0
595,harmonic,9,0,9,0.0,0,9,0.0,0.0,9,0,1.0,0.0,0,9,0.0,0.0
596,restraints,9,0,9,0.0,0,9,0.0,0.0,9,0,1.0,0.0,0,9,0.0,0.0
597,output,86,3,83,0.0349,3,83,0.0349,1.0,86,0,1.0,28.6667,0,86,0.0,0.0
598,knowledge,13,0,13,0.0,0,13,0.0,0.0,13,0,1.0,0.0,0,13,0.0,0.0
599,bio-molecules,9,0,9,0.0,0,9,0.0,0.0,9,0,1.0,0.0,0,9,0.0,0.0
600,information,199,16,183,0.0804,15,184,0.0754,0.9375,199,0,1.0,13.2667,8,191,0.0402,0.5333
601,chem,5619,427,5192,0.076,316,5303,0.0562,0.74,5619,0,1.0,17.7816,229,5390,0.0408,0.7247
602,inf,1080,72,1008,0.0667,64,1016,0.0593,0.8889,1080,0,1.0,16.875,19,1061,0.0176,0.2969
603,model,1311,133,1178,0.1014,103,1208,0.0786,0.7744,1311,0,1.0,12.7282,29,1282,0.0221,0.2816
604,crystallography,28,7,21,0.25,7,21,0.25,1.0,28,0,1.0,4.0,5,23,0.1786,0.7143
605,database,321,37,284,0.1153,27,294,0.0841,0.7297,321,0,1.0,11.8889,17,304,0.053,0.6296
606,appl,369,51,318,0.1382,36,333,0.0976,0.7059,369,0,1.0,10.25,13,356,0.0352,0.3611
607,cryst,5178,181,4997,0.035,131,5047,0.0253,0.7238,5178,0,1.0,39.5267,82,5096,0.0158,0.626
608,726-729,9,0,9,0.0,0,9,0.0,0.0,9,0,1.0,0.0,0,9,0.0,0.0
609,brief,89,18,71,0.2022,15,74,0.1685,0.8333,89,0,1.0,5.9333,2,87,0.0225,0.1333
610,description,12,2,10,0.1667,2,10,0.1667,1.0,12,0,1.0,6.0,0,12,0.0,0.0
611,fluorination,7,0,7,0.0,0,7,0.0,0.0,7,0,1.0,0.0,0,7,0.0,0.0
612,tetrahydroquinoline,20,2,18,0.1,0,20,0.0,0.0,20,0,1.0,0.0,0,20,0.0,0.0
613,increase,678,107,571,0.1578,84,594,0.1239,0.785,678,0,1.0,8.0714,60,618,0.0885,0.7143
614,occupancy,27,9,18,0.3333,8,19,0.2963,0.8889,27,0,1.0,3.375,2,25,0.0741,0.25
615,disruption,5,0,5,0.0,0,5,0.0,0.0,5,0,1.0,0.0,0,5,0.0,0.0
616,surrounding,15,0,15,0.0,0,15,0.0,0.0,15,0,1.0,0.0,0,15,0.0,0.0
617,simulation,93,16,77,0.172,15,78,0.1613,0.9375,93,0,1.0,6.2,14,79,0.1505,0.9333
618,methylation,86,0,86,0.0,0,86,0.0,0.0,86,0,1.0,0.0,0,86,0.0,0.0
619,adopt,33,9,24,0.2727,3,30,0.0909,0.3333,33,0,1.0,11.0,3,30,0.0909,1.0
620,equatorial,5,0,5,0.0,0,5,0.0,0.0,5,0,1.0,0.0,0,5,0.0,0.0
621,preferred,89,31,58,0.3483,19,70,0.2135,0.6129,89,0,1.0,4.6842,19,70,0.2135,1.0
622,ref,572,89,483,0.1556,65,507,0.1136,0.7303,572,0,1.0,8.8,43,529,0.0752,0.6615
623,favourably,9,0,9,0.0,0,9,0.0,0.0,9,0,1.0,0.0,0,9,0.0,0.0
624,enthalpic,9,0,9,0.0,0,9,0.0,0.0,9,0,1.0,0.0,0,9,0.0,0.0
625,biophys,9,0,9,0.0,0,9,0.0,0.0,9,0,1.0,0.0,0,9,0.0,0.0
626,feb,9,0,9,0.0,0,9,0.0,0.0,9,0,1.0,0.0,0,9,0.0,0.0
627,compatible,19,4,15,0.2105,3,16,0.1579,0.75,19,0,1.0,6.3333,3,16,0.1579,1.0
628,r-cn,9,0,9,0.0,0,9,0.0,0.0,9,0,1.0,0.0,0,9,0.0,0.0
629,step-change,5,0,5,0.0,0,5,0.0,0.0,5,0,1.0,0.0,0,5,0.0,0.0
630,activities,106,2,104,0.0189,0,106,0.0,0.0,106,0,1.0,0.0,0,106,0.0,0.0
631,tend,430,30,400,0.0698,22,408,0.0512,0.7333,430,0,1.0,19.5455,13,417,0.0302,0.5909
632,axial,47,11,36,0.234,9,38,0.1915,0.8182,47,0,1.0,5.2222,9,38,0.1915,1.0
633,gem-dimethyl,5,0,5,0.0,0,5,0.0,0.0,5,0,1.0,0.0,0,5,0.0,0.0
634,placed,160,17,143,0.1062,10,150,0.0625,0.5882,160,0,1.0,16.0,3,157,0.0188,0.3
635,significant,120,10,110,0.0833,6,114,0.05,0.6,120,0,1.0,20.0,6,114,0.05,1.0
636,contribution,75,10,65,0.1333,10,65,0.1333,1.0,75,0,1.0,7.5,1,74,0.0133,0.1
637,portion,33,13,20,0.3939,4,29,0.1212,0.3077,33,0,1.0,8.25,2,31,0.0606,0.5
638,tetrahydropyranyl,5,0,5,0.0,0,5,0.0,0.0,5,0,1.0,0.0,0,5,0.0,0.0
639,cyclic,421,68,353,0.1615,53,368,0.1259,0.7794,421,0,1.0,7.9434,45,376,0.1069,0.8491
640,ether,319,35,284,0.1097,29,290,0.0909,0.8286,319,0,1.0,11.0,25,294,0.0784,0.8621
641,ser46,31,0,31,0.0,0,31,0.0,0.0,31,0,1.0,0.0,0,31,0.0,0.0
642,favorable,137,22,115,0.1606,22,115,0.1606,1.0,137,0,1.0,6.2273,5,132,0.0365,0.2273
643,negligible,6,0,6,0.0,0,6,0.0,0.0,6,0,1.0,0.0,0,6,0.0,0.0
644,impact,135,27,108,0.2,25,110,0.1852,0.9259,135,0,1.0,5.4,4,131,0.0296,0.16
645,located,9,0,9,0.0,0,9,0.0,0.0,9,0,1.0,0.0,0,9,0.0,0.0
646,n-acyl,9,0,9,0.0,0,9,0.0,0.0,9,0,1.0,0.0,0,9,0.0,0.0
647,cyp,37,13,24,0.3514,13,24,0.3514,1.0,37,0,1.0,2.8462,13,24,0.3514,1.0
648,induction,5,0,5,0.0,0,5,0.0,0.0,5,0,1.0,0.0,0,5,0.0,0.0
649,liability,40,1,39,0.025,0,40,0.0,0.0,40,0,1.0,0.0,0,40,0.0,0.0
650,sulfoximine,9,0,9,0.0,0,9,0.0,0.0,9,0,1.0,0.0,0,9,0.0,0.0
651,transformation,253,7,246,0.0277,2,251,0.0079,0.2857,253,0,1.0,126.5,2,251,0.0079,1.0
652,applied,204,47,157,0.2304,36,168,0.1765,0.766,204,0,1.0,5.6667,13,191,0.0637,0.3611
653,1319-1324,5,0,5,0.0,0,5,0.0,0.0,5,0,1.0,0.0,0,5,0.0,0.0
654,s-attached,9,0,9,0.0,0,9,0.0,0.0,9,0,1.0,0.0,0,9,0.0,0.0
655,enantiomer,222,50,172,0.2252,45,177,0.2027,0.9,222,0,1.0,4.9333,44,178,0.1982,0.9778
656,pro168,26,0,26,0.0,0,26,0.0,0.0,26,0,1.0,0.0,0,26,0.0,0.0
657,having,62,15,47,0.2419,11,51,0.1774,0.7333,62,0,1.0,5.6364,5,57,0.0806,0.4545
658,protein-ligand,852,24,828,0.0282,15,837,0.0176,0.625,852,0,1.0,56.8,12,840,0.0141,0.8
659,w116,10,0,10,0.0,0,10,0.0,0.0,10,0,1.0,0.0,0,10,0.0,0.0
660,undergo,143,8,135,0.0559,2,141,0.014,0.25,143,0,1.0,71.5,2,141,0.014,1.0
661,n-dealkylation,5,0,5,0.0,0,5,0.0,0.0,5,0,1.0,0.0,0,5,0.0,0.0
662,hydroxylation,9,0,9,0.0,0,9,0.0,0.0,9,0,1.0,0.0,0,9,0.0,0.0
663,secondary,98,52,46,0.5306,38,60,0.3878,0.7308,98,0,1.0,2.5789,34,64,0.3469,0.8947
664,alkyl-n,5,0,5,0.0,0,5,0.0,0.0,5,0,1.0,0.0,0,5,0.0,0.0
665,evaluation,102,2,100,0.0196,0,102,0.0,0.0,102,0,1.0,0.0,0,102,0.0,0.0
666,retrieved,12,3,9,0.25,3,9,0.25,1.0,12,0,1.0,4.0,3,9,0.25,1.0
667,context,13,2,11,0.1538,2,11,0.1538,1.0,13,0,1.0,6.5,2,11,0.1538,1.0
668,fundamental,5,0,5,0.0,0,5,0.0,0.0,5,0,1.0,0.0,0,5,0.0,0.0
669,importance,22,2,20,0.0909,0,22,0.0,0.0,22,0,1.0,0.0,0,22,0.0,0.0
670,desired,23,3,20,0.1304,2,21,0.087,0.6667,23,0,1.0,11.5,2,21,0.087,1.0
671,energetic,18,3,15,0.1667,3,15,0.1667,1.0,18,0,1.0,6.0,3,15,0.1667,1.0
672,upon,146,7,139,0.0479,5,141,0.0342,0.7143,146,0,1.0,29.2,2,144,0.0137,0.4
673,synthesize,527,38,489,0.0721,31,496,0.0588,0.8158,527,0,1.0,17.0,24,503,0.0455,0.7742
674,calculated,2562,3,2559,0.0012,1,2561,0.0004,0.3333,2562,0,1.0,2562.0,0,2562,0.0,0.0
675,datawarrior,30,5,25,0.1667,5,25,0.1667,1.0,30,0,1.0,6.0,0,30,0.0,0.0
676,clogp,162,13,149,0.0802,12,150,0.0741,0.9231,162,0,1.0,13.5,3,159,0.0185,0.25
677,hbd,37,1,36,0.027,1,36,0.027,1.0,37,0,1.0,37.0,1,36,0.027,1.0
678,tpsa,59,1,58,0.0169,0,59,0.0,0.0,59,0,1.0,0.0,0,59,0.0,0.0
679,squared,10,0,10,0.0,0,10,0.0,0.0,10,0,1.0,0.0,0,10,0.0,0.0
680,mutagenic,12,0,12,0.0,0,12,0.0,0.0,12,0,1.0,0.0,0,12,0.0,0.0
681,tumorigenic,9,0,9,0.0,0,9,0.0,0.0,9,0,1.0,0.0,0,9,0.0,0.0
682,irritant,12,0,12,0.0,0,12,0.0,0.0,12,0,1.0,0.0,0,12,0.0,0.0
683,flags,9,0,9,0.0,0,9,0.0,0.0,9,0,1.0,0.0,0,9,0.0,0.0
684,detected,9,0,9,0.0,0,9,0.0,0.0,9,0,1.0,0.0,0,9,0.0,0.0
685,overview,9,0,9,0.0,0,9,0.0,0.0,9,0,1.0,0.0,0,9,0.0,0.0
686,forum,74,10,64,0.1351,9,65,0.1216,0.9,74,0,1.0,8.2222,0,74,0.0,0.0
687,later,128,0,128,0.0,0,128,0.0,0.0,128,0,1.0,0.0,0,128,0.0,0.0
688,stage,128,13,115,0.1016,3,125,0.0234,0.2308,128,0,1.0,42.6667,3,125,0.0234,1.0
689,nanomolar,41,0,41,0.0,0,41,0.0,0.0,41,0,1.0,0.0,0,41,0.0,0.0
690,binder,228,40,188,0.1754,27,201,0.1184,0.675,228,0,1.0,8.4444,20,208,0.0877,0.7407
691,discussion,145,39,106,0.269,36,109,0.2483,0.9231,145,0,1.0,4.0278,36,109,0.2483,1.0
692,endogenous,1,1,0,1.0,1,0,1.0,1.0,1,0,1.0,1.0,0,1,0.0,0.0
693,peak,3,2,1,0.6667,2,1,0.6667,1.0,3,0,1.0,1.5,1,2,0.3333,0.5
694,concentrations,2,1,1,0.5,1,1,0.5,1.0,2,0,1.0,2.0,0,2,0.0,0.0
695,high-risk,1,1,0,1.0,1,0,1.0,1.0,1,0,1.0,1.0,0,1,0.0,0.0
696,covid-19,321,14,307,0.0436,11,310,0.0343,0.7857,321,0,1.0,29.1818,3,318,0.0093,0.2727
697,patients,28,3,25,0.1071,3,25,0.1071,1.0,28,0,1.0,9.3333,0,28,0.0,0.0
698,low-risk,1,1,0,1.0,1,0,1.0,1.0,1,0,1.0,1.0,0,1,0.0,0.0
699,john,143,16,127,0.1119,9,134,0.0629,0.5625,143,0,1.0,15.8889,4,139,0.028,0.4444
700,chodera,79,30,49,0.3797,17,62,0.2152,0.5667,79,0,1.0,4.6471,17,62,0.2152,1.0
701,ortho-position,4,0,4,0.0,0,4,0.0,0.0,4,0,1.0,0.0,0,4,0.0,0.0
702,sub,5804,824,4980,0.142,673,5131,0.116,0.8167,5804,0,1.0,8.6241,355,5449,0.0612,0.5275
703,gln192,27,1,26,0.037,0,27,0.0,0.0,27,0,1.0,0.0,0,27,0.0,0.0
704,thr190,6,0,6,0.0,0,6,0.0,0.0,6,0,1.0,0.0,0,6,0.0,0.0
705,occupied,41,2,39,0.0488,1,40,0.0244,0.5,41,0,1.0,41.0,1,40,0.0244,1.0
706,sulfoxide,17,0,17,0.0,0,17,0.0,0.0,17,0,1.0,0.0,0,17,0.0,0.0
707,oxigen,4,0,4,0.0,0,4,0.0,0.0,4,0,1.0,0.0,0,4,0.0,0.0
708,dms901,4,0,4,0.0,0,4,0.0,0.0,4,0,1.0,0.0,0,4,0.0,0.0
709,para-position,4,0,4,0.0,0,4,0.0,0.0,4,0,1.0,0.0,0,4,0.0,0.0
710,shallow,7,2,5,0.2857,2,5,0.2857,1.0,7,0,1.0,3.5,2,5,0.2857,1.0
711,accommodate,45,2,43,0.0444,2,43,0.0444,1.0,45,0,1.0,22.5,0,45,0.0,0.0
712,bulky,5,0,5,0.0,0,5,0.0,0.0,5,0,1.0,0.0,0,5,0.0,0.0
713,ideation,4,0,4,0.0,0,4,0.0,0.0,4,0,1.0,0.0,0,4,0.0,0.0
714,diverse,162,84,78,0.5185,60,102,0.3704,0.7143,162,0,1.0,2.7,56,106,0.3457,0.9333
715,solubility,181,36,145,0.1989,16,165,0.0884,0.4444,181,0,1.0,11.3125,15,166,0.0829,0.9375
716,derived,356,38,318,0.1067,23,333,0.0646,0.6053,356,0,1.0,15.4783,8,348,0.0225,0.3478
717,stripped,4,0,4,0.0,0,4,0.0,0.0,4,0,1.0,0.0,0,4,0.0,0.0
718,assess,358,5,353,0.014,4,354,0.0112,0.8,358,0,1.0,89.5,4,354,0.0112,1.0
719,accessory,4,0,4,0.0,0,4,0.0,0.0,4,0,1.0,0.0,0,4,0.0,0.0
720,incurring,4,0,4,0.0,0,4,0.0,0.0,4,0,1.0,0.0,0,4,0.0,0.0
721,flavour,4,0,4,0.0,0,4,0.0,0.0,4,0,1.0,0.0,0,4,0.0,0.0
722,4-oxazepine,4,0,4,0.0,0,4,0.0,0.0,4,0,1.0,0.0,0,4,0.0,0.0
723,derivative,580,28,552,0.0483,15,565,0.0259,0.5357,580,0,1.0,38.6667,5,575,0.0086,0.3333
724,n-attached,4,0,4,0.0,0,4,0.0,0.0,4,0,1.0,0.0,0,4,0.0,0.0
725,fitting,11,0,11,0.0,0,11,0.0,0.0,11,0,1.0,0.0,0,11,0.0,0.0
726,delimited,4,0,4,0.0,0,4,0.0,0.0,4,0,1.0,0.0,0,4,0.0,0.0
727,met165,18,0,18,0.0,0,18,0.0,0.0,18,0,1.0,0.0,0,18,0.0,0.0
728,phe181,4,0,4,0.0,0,4,0.0,0.0,4,0,1.0,0.0,0,4,0.0,0.0
729,oxazepinone,4,0,4,0.0,0,4,0.0,0.0,4,0,1.0,0.0,0,4,0.0,0.0
730,almost,67,22,45,0.3284,6,61,0.0896,0.2727,67,0,1.0,11.1667,1,66,0.0149,0.1667
731,coplanar,22,7,15,0.3182,7,15,0.3182,1.0,22,0,1.0,3.1429,7,15,0.3182,1.0
732,mild,11,0,11,0.0,0,11,0.0,0.0,11,0,1.0,0.0,0,11,0.0,0.0
733,unwanted,4,0,4,0.0,0,4,0.0,0.0,4,0,1.0,0.0,0,4,0.0,0.0
734,complexity,129,3,126,0.0233,0,129,0.0,0.0,129,0,1.0,0.0,0,129,0.0,0.0
735,non-cyclic,4,0,4,0.0,0,4,0.0,0.0,4,0,1.0,0.0,0,4,0.0,0.0
736,acyl,37,6,31,0.1622,2,35,0.0541,0.3333,37,0,1.0,18.5,2,35,0.0541,1.0
737,w39,4,0,4,0.0,0,4,0.0,0.0,4,0,1.0,0.0,0,4,0.0,0.0
738,preliminary,34,0,34,0.0,0,34,0.0,0.0,34,0,1.0,0.0,0,34,0.0,0.0
739,proposal,33,8,25,0.2424,8,25,0.2424,1.0,33,0,1.0,4.125,5,28,0.1515,0.625
740,novel,779,6,773,0.0077,3,776,0.0039,0.5,779,0,1.0,259.6667,0,779,0.0,0.0
741,chirality,4,0,4,0.0,0,4,0.0,0.0,4,0,1.0,0.0,0,4,0.0,0.0
742,s-linked,4,0,4,0.0,0,4,0.0,0.0,4,0,1.0,0.0,0,4,0.0,0.0
743,investigation,45,6,39,0.1333,6,39,0.1333,1.0,45,0,1.0,7.5,0,45,0.0,0.0
744,overall,131,2,129,0.0153,2,129,0.0153,1.0,131,0,1.0,65.5,2,129,0.0153,1.0
745,dmpk,4,0,4,0.0,0,4,0.0,0.0,4,0,1.0,0.0,0,4,0.0,0.0
746,profile,184,7,177,0.038,4,180,0.0217,0.5714,184,0,1.0,46.0,2,182,0.0109,0.5
747,tautomeric,4,0,4,0.0,0,4,0.0,0.0,4,0,1.0,0.0,0,4,0.0,0.0
748,rotameric,4,0,4,0.0,0,4,0.0,0.0,4,0,1.0,0.0,0,4,0.0,0.0
749,his41,122,16,106,0.1311,12,110,0.0984,0.75,122,0,1.0,10.1667,2,120,0.0164,0.1667
750,alberto,4,0,4,0.0,0,4,0.0,0.0,4,0,1.0,0.0,0,4,0.0,0.0
751,cuzzolin,4,0,4,0.0,0,4,0.0,0.0,4,0,1.0,0.0,0,4,0.0,0.0
752,alessandro,4,0,4,0.0,0,4,0.0,0.0,4,0,1.0,0.0,0,4,0.0,0.0
753,deplano,4,0,4,0.0,0,4,0.0,0.0,4,0,1.0,0.0,0,4,0.0,0.0
754,striking,11,0,11,0.0,0,11,0.0,0.0,11,0,1.0,0.0,0,11,0.0,0.0
755,sbd,12,0,12,0.0,0,12,0.0,0.0,12,0,1.0,0.0,0,12,0.0,0.0
756,inspiration,210,11,199,0.0524,10,200,0.0476,0.9091,210,0,1.0,21.0,10,200,0.0476,1.0
757,3-step,10,4,6,0.4,3,7,0.3,0.75,10,0,1.0,3.3333,3,7,0.3,1.0
758,boc-protected,10,4,6,0.4,3,7,0.3,0.75,10,0,1.0,3.3333,3,7,0.3,1.0
759,bromomethyl,23,6,17,0.2609,4,19,0.1739,0.6667,23,0,1.0,5.75,4,19,0.1739,1.0
760,-3-chlorobenzene,10,4,6,0.4,3,7,0.3,0.75,10,0,1.0,3.3333,3,7,0.3,1.0
761,deprotection,38,11,27,0.2895,4,34,0.1053,0.3636,38,0,1.0,9.5,3,35,0.0789,0.75
762,amidation,18,10,8,0.5556,8,10,0.4444,0.8,18,0,1.0,2.25,8,10,0.4444,1.0
763,2-chloroacetyl,10,4,6,0.4,3,7,0.3,0.75,10,0,1.0,3.3333,3,7,0.3,1.0
764,chose,434,77,357,0.1774,62,372,0.1429,0.8052,434,0,1.0,7.0,45,389,0.1037,0.7258
765,predict,2792,92,2700,0.033,72,2720,0.0258,0.7826,2792,0,1.0,38.7778,29,2763,0.0104,0.4028
766,reactivity,708,28,680,0.0395,27,681,0.0381,0.9643,708,0,1.0,26.2222,17,691,0.024,0.6296
767,uric,3,0,3,0.0,0,3,0.0,0.0,3,0,1.0,0.0,0,3,0.0,0.0
768,uracil,22,0,22,0.0,0,22,0.0,0.0,22,0,1.0,0.0,0,22,0.0,0.0
769,malonamides,7,5,2,0.7143,4,3,0.5714,0.8,7,0,1.0,1.75,0,7,0.0,0.0
770,ther,3008,340,2668,0.113,276,2732,0.0918,0.8118,3008,0,1.0,10.8986,157,2851,0.0522,0.5688
771,ability,808,79,729,0.0978,46,762,0.0569,0.5823,808,0,1.0,17.5652,33,775,0.0408,0.7174
772,valid,40,6,34,0.15,5,35,0.125,0.8333,40,0,1.0,8.0,0,40,0.0,0.0
773,peptidomimetic,18,8,10,0.4444,6,12,0.3333,0.75,18,0,1.0,3.0,2,16,0.1111,0.3333
774,simulate,29,6,23,0.2069,5,24,0.1724,0.8333,29,0,1.0,5.8,0,29,0.0,0.0
775,substrate,121,16,105,0.1322,13,108,0.1074,0.8125,121,0,1.0,9.3077,8,113,0.0661,0.6154
776,chloromethyl,612,5,607,0.0082,4,608,0.0065,0.8,612,0,1.0,153.0,0,612,0.0,0.0
777,meldrum,7,5,2,0.7143,4,3,0.5714,0.8,7,0,1.0,1.75,0,7,0.0,0.0
778,pcm-012781,3,2,1,0.6667,2,1,0.6667,1.0,3,0,1.0,1.5,0,3,0.0,0.0
779,pcm-0102972,3,2,1,0.6667,2,1,0.6667,1.0,3,0,1.0,1.5,0,3,0.0,0.0
780,clcc,3,2,1,0.6667,2,1,0.6667,1.0,3,0,1.0,1.5,0,3,0.0,0.0
781,pcm-0102974,3,2,1,0.6667,2,1,0.6667,1.0,3,0,1.0,1.5,0,3,0.0,0.0
782,ccl,11,4,7,0.3636,3,8,0.2727,0.75,11,0,1.0,3.6667,0,11,0.0,0.0
783,mpro,1617,222,1395,0.1373,160,1457,0.0989,0.7207,1617,0,1.0,10.1062,122,1495,0.0754,0.7625
784,aniline,109,29,80,0.2661,24,85,0.2202,0.8276,109,0,1.0,4.5417,20,89,0.1835,0.8333
785,github,65,3,62,0.0462,3,62,0.0462,1.0,65,0,1.0,21.6667,0,65,0.0,0.0
786,fluoroindole,4,0,4,0.0,0,4,0.0,0.0,4,0,1.0,0.0,0,4,0.0,0.0
787,harness,14,0,14,0.0,0,14,0.0,0.0,14,0,1.0,0.0,0,14,0.0,0.0
788,met-chloro,4,0,4,0.0,0,4,0.0,0.0,4,0,1.0,0.0,0,4,0.0,0.0
789,matthias,4,0,4,0.0,0,4,0.0,0.0,4,0,1.0,0.0,0,4,0.0,0.0
790,m2ms,4,0,4,0.0,0,4,0.0,0.0,4,0,1.0,0.0,0,4,0.0,0.0
791,fragalysis-frontend,4,0,4,0.0,0,4,0.0,0.0,4,0,1.0,0.0,0,4,0.0,0.0
792,versatile,4,0,4,0.0,0,4,0.0,0.0,4,0,1.0,0.0,0,4,0.0,0.0
793,guanidine,18,0,18,0.0,0,18,0.0,0.0,18,0,1.0,0.0,0,18,0.0,0.0
794,moeity,4,0,4,0.0,0,4,0.0,0.0,4,0,1.0,0.0,0,4,0.0,0.0
795,p-f,5,1,4,0.2,1,4,0.2,1.0,5,0,1.0,5.0,0,5,0.0,0.0
796,metabolic,265,57,208,0.2151,40,225,0.1509,0.7018,265,0,1.0,6.625,38,227,0.1434,0.95
797,ch3co,4,0,4,0.0,0,4,0.0,0.0,4,0,1.0,0.0,0,4,0.0,0.0
798,basicity,107,11,96,0.1028,9,98,0.0841,0.8182,107,0,1.0,11.8889,9,98,0.0841,1.0
799,sulfinamide,4,0,4,0.0,0,4,0.0,0.0,4,0,1.0,0.0,0,4,0.0,0.0
800,chloroquine,81,1,80,0.0123,1,80,0.0123,1.0,81,0,1.0,81.0,0,81,0.0,0.0
801,fragment-wise,18,5,13,0.2778,4,14,0.2222,0.8,18,0,1.0,4.5,4,14,0.2222,1.0
802,highest,107,6,101,0.0561,6,101,0.0561,1.0,107,0,1.0,17.8333,0,107,0.0,0.0
803,accessible,178,19,159,0.1067,15,163,0.0843,0.7895,178,0,1.0,11.8667,5,173,0.0281,0.3333
804,schemes,4,0,4,0.0,0,4,0.0,0.0,4,0,1.0,0.0,0,4,0.0,0.0
805,preserved,11,1,10,0.0909,1,10,0.0909,1.0,11,0,1.0,11.0,0,11,0.0,0.0
806,acetylpiperazine,31,1,30,0.0323,1,30,0.0323,1.0,31,0,1.0,31.0,0,31,0.0,0.0
807,antimalarial,58,1,57,0.0172,1,57,0.0172,1.0,58,0,1.0,58.0,0,58,0.0,0.0
808,immunomodulator,1,1,0,1.0,1,0,1.0,1.0,1,0,1.0,1.0,0,1,0.0,0.0
809,covid2019,3,2,1,0.6667,1,2,0.3333,0.5,3,0,1.0,3.0,0,3,0.0,0.0
810,potency,666,130,536,0.1952,84,582,0.1261,0.6462,666,0,1.0,7.9286,80,586,0.1201,0.9524
811,micromolar,56,21,35,0.375,20,36,0.3571,0.9524,56,0,1.0,2.8,14,42,0.25,0.7
812,ec50,14,4,10,0.2857,3,11,0.2143,0.75,14,0,1.0,4.6667,2,12,0.1429,0.6667
813,syntheised,1,1,0,1.0,1,0,1.0,1.0,1,0,1.0,1.0,0,1,0.0,0.0
814,lab,6317,530,5787,0.0839,465,5852,0.0736,0.8774,6317,0,1.0,13.5849,260,6057,0.0412,0.5591
815,2-step,1,1,0,1.0,1,0,1.0,1.0,1,0,1.0,1.0,0,1,0.0,0.0
816,antiprotozoal,59,2,57,0.0339,1,58,0.0169,0.5,59,0,1.0,59.0,0,59,0.0,0.0
817,antitubercular,1,1,0,1.0,1,0,1.0,1.0,1,0,1.0,1.0,0,1,0.0,0.0
818,antiviral,303,7,296,0.0231,5,298,0.0165,0.7143,303,0,1.0,60.6,1,302,0.0033,0.2
819,nitazoxanide,21,1,20,0.0476,0,21,0.0,0.0,21,0,1.0,0.0,0,21,0.0,0.0
820,spectrum,14,1,13,0.0714,0,14,0.0,0.0,14,0,1.0,0.0,0,14,0.0,0.0
821,amtimicrobial,2,1,1,0.5,0,2,0.0,0.0,2,0,1.0,0.0,0,2,0.0,0.0
822,related,220,33,187,0.15,28,192,0.1273,0.8485,220,0,1.0,7.8571,12,208,0.0545,0.4286
823,prepared,165,16,149,0.097,15,150,0.0909,0.9375,165,0,1.0,11.0,7,158,0.0424,0.4667
824,rotavirus,1,1,0,1.0,0,1,0.0,0.0,1,0,1.0,0.0,0,1,0.0,0.0
825,influenza,2,1,1,0.5,0,2,0.0,0.0,2,0,1.0,0.0,0,2,0.0,0.0
826,potencies,1,0,1,0.0,0,1,0.0,0.0,1,0,1.0,0.0,0,1,0.0,0.0
827,antimycobacterial,1,0,1,0.0,0,1,0.0,0.0,1,0,1.0,0.0,0,1,0.0,0.0
828,trial,170,0,170,0.0,0,170,0.0,0.0,170,0,1.0,0.0,0,170,0.0,0.0
829,favipiravir,21,0,21,0.0,0,21,0.0,0.0,21,0,1.0,0.0,0,21,0.0,0.0
830,action,4805,240,4565,0.0499,185,4620,0.0385,0.7708,4805,0,1.0,25.973,78,4727,0.0162,0.4216
831,sars-cov-2,449,34,415,0.0757,27,422,0.0601,0.7941,449,0,1.0,16.6296,16,433,0.0356,0.5926
832,lopinavir,16,5,11,0.3125,5,11,0.3125,1.0,16,0,1.0,3.2,0,16,0.0,0.0
833,ritonavir,21,7,14,0.3333,7,14,0.3333,1.0,21,0,1.0,3.0,2,19,0.0952,0.2857
834,alpha-chloroacetamides,2,0,2,0.0,0,2,0.0,0.0,2,0,1.0,0.0,0,2,0.0,0.0
835,mpro-x0749,2,0,2,0.0,0,2,0.0,0.0,2,0,1.0,0.0,0,2,0.0,0.0
836,hie41,2,0,2,0.0,0,2,0.0,0.0,2,0,1.0,0.0,0,2,0.0,0.0
837,gly143,69,4,65,0.058,3,66,0.0435,0.75,69,0,1.0,23.0,0,69,0.0,0.0
838,benzothiazinone,2,0,2,0.0,0,2,0.0,0.0,2,0,1.0,0.0,0,2,0.0,0.0
839,partial,110,55,55,0.5,40,70,0.3636,0.7273,110,0,1.0,2.75,37,73,0.3364,0.925
840,benzoimidazole,2,0,2,0.0,0,2,0.0,0.0,2,0,1.0,0.0,0,2,0.0,0.0
841,lower,115,13,102,0.113,11,104,0.0957,0.8462,115,0,1.0,10.4545,11,104,0.0957,1.0
842,1h-indol-6-ol,2,0,2,0.0,0,2,0.0,0.0,2,0,1.0,0.0,0,2,0.0,0.0
843,thr26,9,1,8,0.1111,1,8,0.1111,1.0,9,0,1.0,9.0,1,8,0.1111,1.0
844,expand,39,14,25,0.359,13,26,0.3333,0.9286,39,0,1.0,3.0,12,27,0.3077,0.9231
845,heteroatom,43,0,43,0.0,0,43,0.0,0.0,43,0,1.0,0.0,0,43,0.0,0.0
846,heaving,5,0,5,0.0,0,5,0.0,0.0,5,0,1.0,0.0,0,5,0.0,0.0
847,closeness,1,0,1,0.0,0,1,0.0,0.0,1,0,1.0,0.0,0,1,0.0,0.0
848,hello,4,0,4,0.0,0,4,0.0,0.0,4,0,1.0,0.0,0,4,0.0,0.0
849,engage,32,2,30,0.0625,2,30,0.0625,1.0,32,0,1.0,16.0,0,32,0.0,0.0
850,cys,1919,87,1832,0.0453,70,1849,0.0365,0.8046,1919,0,1.0,27.4143,37,1882,0.0193,0.5286
851,acyl-dihydroisoquinoline,3,0,3,0.0,0,3,0.0,0.0,3,0,1.0,0.0,0,3,0.0,0.0
852,cluster-2,3,0,3,0.0,0,3,0.0,0.0,3,0,1.0,0.0,0,3,0.0,0.0
853,incredible,3,0,3,0.0,0,3,0.0,0.0,3,0,1.0,0.0,0,3,0.0,0.0
854,effort,41,35,6,0.8537,34,7,0.8293,0.9714,41,0,1.0,1.2059,34,7,0.8293,1.0
855,humanity,3,0,3,0.0,0,3,0.0,0.0,3,0,1.0,0.0,0,3,0.0,0.0
856,ravi,52,0,52,0.0,0,52,0.0,0.0,52,0,1.0,0.0,0,52,0.0,0.0
857,kurukulasuriya,3,0,3,0.0,0,3,0.0,0.0,3,0,1.0,0.0,0,3,0.0,0.0
858,relay,3,0,3,0.0,0,3,0.0,0.0,3,0,1.0,0.0,0,3,0.0,0.0
859,insert,42,10,32,0.2381,4,38,0.0952,0.4,42,0,1.0,10.5,1,41,0.0238,0.25
860,2-diamino-cyclohexyl,9,7,2,0.7778,1,8,0.1111,0.1429,9,0,1.0,9.0,0,9,0.0,0.0
861,carboxyaminocyclohexyl,9,7,2,0.7778,1,8,0.1111,0.1429,9,0,1.0,9.0,0,9,0.0,0.0
862,proline,11,7,4,0.6364,1,10,0.0909,0.1429,11,0,1.0,11.0,0,11,0.0,0.0
863,creating,42,7,35,0.1667,1,41,0.0238,0.1429,42,0,1.0,42.0,0,42,0.0,0.0
864,l-shape,9,7,2,0.7778,1,8,0.1111,0.1429,9,0,1.0,9.0,0,9,0.0,0.0
865,addtional,9,7,2,0.7778,1,8,0.1111,0.1429,9,0,1.0,9.0,0,9,0.0,0.0
866,glycine,36,9,27,0.25,3,33,0.0833,0.3333,36,0,1.0,12.0,2,34,0.0556,0.6667
867,prevent,36,9,27,0.25,2,34,0.0556,0.2222,36,0,1.0,18.0,1,35,0.0278,0.5
868,metabolism,415,52,363,0.1253,28,387,0.0675,0.5385,415,0,1.0,14.8214,27,388,0.0651,0.9643
869,protection,103,12,91,0.1165,4,99,0.0388,0.3333,103,0,1.0,25.75,3,100,0.0291,0.75
870,buch,19,15,4,0.7895,11,8,0.5789,0.7333,19,0,1.0,1.7273,11,8,0.5789,1.0
871,hartwig,4,0,4,0.0,0,4,0.0,0.0,4,0,1.0,0.0,0,4,0.0,0.0
872,3-me,13,7,6,0.5385,5,8,0.3846,0.7143,13,0,1.0,2.6,5,8,0.3846,1.0
873,deprotect,51,11,40,0.2157,4,47,0.0784,0.3636,51,0,1.0,12.75,3,48,0.0588,0.75
874,3-amino,1175,16,1159,0.0136,16,1159,0.0136,1.0,1175,0,1.0,73.4375,9,1166,0.0077,0.5625
875,regiomers,4,0,4,0.0,0,4,0.0,0.0,4,0,1.0,0.0,0,4,0.0,0.0
876,biosiosteres,4,0,4,0.0,0,4,0.0,0.0,4,0,1.0,0.0,0,4,0.0,0.0
877,psa,63,1,62,0.0159,0,63,0.0,0.0,63,0,1.0,0.0,0,63,0.0,0.0
878,chemdraw,4,0,4,0.0,0,4,0.0,0.0,4,0,1.0,0.0,0,4,0.0,0.0
879,lhs,4,0,4,0.0,0,4,0.0,0.0,4,0,1.0,0.0,0,4,0.0,0.0
880,poised,4,0,4,0.0,0,4,0.0,0.0,4,0,1.0,0.0,0,4,0.0,0.0
881,4-br,5,0,5,0.0,0,5,0.0,0.0,5,0,1.0,0.0,0,5,0.0,0.0
882,2-co2h,4,0,4,0.0,0,4,0.0,0.0,4,0,1.0,0.0,0,4,0.0,0.0
883,pyr,2745,334,2411,0.1217,266,2479,0.0969,0.7964,2745,0,1.0,10.3195,141,2604,0.0514,0.5301
884,micro-second,1,0,1,0.0,0,1,0.0,0.0,1,0,1.0,0.0,0,1,0.0,0.0
885,gaussian,18,0,18,0.0,0,18,0.0,0.0,18,0,1.0,0.0,0,18,0.0,0.0
886,accelerated,1,0,1,0.0,0,1,0.0,0.0,1,0,1.0,0.0,0,1,0.0,0.0
887,stable,238,15,223,0.063,11,227,0.0462,0.7333,238,0,1.0,21.6364,11,227,0.0462,1.0
888,consistent,6,1,5,0.1667,0,6,0.0,0.0,6,0,1.0,0.0,0,6,0.0,0.0
889,throughout,1,0,1,0.0,0,1,0.0,0.0,1,0,1.0,0.0,0,1,0.0,0.0
890,sidechain,96,10,86,0.1042,10,86,0.1042,1.0,96,0,1.0,9.6,2,94,0.0208,0.2
891,environment,34,2,32,0.0588,0,34,0.0,0.0,34,0,1.0,0.0,0,34,0.0,0.0
892,his172,1,0,1,0.0,0,1,0.0,0.0,1,0,1.0,0.0,0,1,0.0,0.0
893,terminal,112,2,110,0.0179,0,112,0.0,0.0,112,0,1.0,0.0,0,112,0.0,0.0
894,amino,1817,193,1624,0.1062,164,1653,0.0903,0.8497,1817,0,1.0,11.0793,69,1748,0.038,0.4207
895,virtue,11,0,11,0.0,0,11,0.0,0.0,11,0,1.0,0.0,0,11,0.0,0.0
896,physiological,21,2,19,0.0952,2,19,0.0952,1.0,21,0,1.0,10.5,2,19,0.0952,1.0
897,salt-bridge,4,0,4,0.0,0,4,0.0,0.0,4,0,1.0,0.0,0,4,0.0,0.0
898,negatively-charged,1,0,1,0.0,0,1,0.0,0.0,1,0,1.0,0.0,0,1,0.0,0.0
899,asn142,102,6,96,0.0588,6,96,0.0588,1.0,102,0,1.0,17.0,3,99,0.0294,0.5
900,dipyrimidone-like,1,0,1,0.0,0,1,0.0,0.0,1,0,1.0,0.0,0,1,0.0,0.0
901,pivotal,1,0,1,0.0,0,1,0.0,0.0,1,0,1.0,0.0,0,1,0.0,0.0
902,his164,76,4,72,0.0526,2,74,0.0263,0.5,76,0,1.0,38.0,1,75,0.0132,0.5
903,gly149,1,0,1,0.0,0,1,0.0,0.0,1,0,1.0,0.0,0,1,0.0,0.0
904,loop,3,0,3,0.0,0,3,0.0,0.0,3,0,1.0,0.0,0,3,0.0,0.0
905,dipyrimidone,1,0,1,0.0,0,1,0.0,0.0,1,0,1.0,0.0,0,1,0.0,0.0
906,constrain,343,87,256,0.2536,80,263,0.2332,0.9195,343,0,1.0,4.2875,26,317,0.0758,0.325
907,fused,225,29,196,0.1289,27,198,0.12,0.931,225,0,1.0,8.3333,3,222,0.0133,0.1111
908,entity,7,0,7,0.0,0,7,0.0,0.0,7,0,1.0,0.0,0,7,0.0,0.0
909,critical,1,0,1,0.0,0,1,0.0,0.0,1,0,1.0,0.0,0,1,0.0,0.0
910,n-sulphonamide,1,0,1,0.0,0,1,0.0,0.0,1,0,1.0,0.0,0,1,0.0,0.0
911,crystallized,45,4,41,0.0889,3,42,0.0667,0.75,45,0,1.0,15.0,0,45,0.0,0.0
912,assessment,1,0,1,0.0,0,1,0.0,0.0,1,0,1.0,0.0,0,1,0.0,0.0
913,mpro-x0434_bound,1,0,1,0.0,0,1,0.0,0.0,1,0,1.0,0.0,0,1,0.0,0.0
914,mpro-x0072_bound,1,0,1,0.0,0,1,0.0,0.0,1,0,1.0,0.0,0,1,0.0,0.0
915,analyzing,3,0,3,0.0,0,3,0.0,0.0,3,0,1.0,0.0,0,3,0.0,0.0
916,geometry,649,21,628,0.0324,18,631,0.0277,0.8571,649,0,1.0,36.0556,9,640,0.0139,0.5
917,optimal,71,5,66,0.0704,5,66,0.0704,1.0,71,0,1.0,14.2,5,66,0.0704,1.0
918,benjamin,124,3,121,0.0242,0,124,0.0,0.0,124,0,1.0,0.0,0,124,0.0,0.0
919,graduate,124,3,121,0.0242,0,124,0.0,0.0,124,0,1.0,0.0,0,124,0.0,0.0
920,laboratory,188,3,185,0.016,0,188,0.0,0.0,188,0,1.0,0.0,0,188,0.0,0.0
921,jens,185,5,180,0.027,2,183,0.0108,0.4,185,0,1.0,92.5,0,185,0.0,0.0
922,meiler,124,3,121,0.0242,0,124,0.0,0.0,124,0,1.0,0.0,0,124,0.0,0.0
923,vanderbilt,124,3,121,0.0242,0,124,0.0,0.0,124,0,1.0,0.0,0,124,0.0,0.0
924,edu,988,254,734,0.2571,146,842,0.1478,0.5748,988,0,1.0,6.7671,103,885,0.1043,0.7055
925,protocol,181,13,168,0.0718,1,180,0.0055,0.0769,181,0,1.0,181.0,0,181,0.0,0.0
926,co-crystalized,134,3,131,0.0224,0,134,0.0,0.0,134,0,1.0,0.0,0,134,0.0,0.0
927,released,124,3,121,0.0242,0,124,0.0,0.0,124,0,1.0,0.0,0,124,0.0,0.0
928,von,266,16,250,0.0602,15,251,0.0564,0.9375,266,0,1.0,17.7333,15,251,0.0564,1.0
929,grelft,23,1,22,0.0435,0,23,0.0,0.0,23,0,1.0,0.0,0,23,0.0,0.0
930,served,3323,36,3287,0.0108,28,3295,0.0084,0.7778,3323,0,1.0,118.6786,13,3310,0.0039,0.4643
931,redesign,110,58,52,0.5273,57,53,0.5182,0.9828,110,0,1.0,1.9298,56,54,0.5091,0.9825
932,in-development,124,3,121,0.0242,0,124,0.0,0.0,124,0,1.0,0.0,0,124,0.0,0.0
933,algorithm,494,43,451,0.087,33,461,0.0668,0.7674,494,0,1.0,14.9697,3,491,0.0061,0.0909
934,bcl,124,3,121,0.0242,0,124,0.0,0.0,124,0,1.0,0.0,0,124,0.0,0.0
935,focusedlibrarydesign,124,3,121,0.0242,0,124,0.0,0.0,124,0,1.0,0.0,0,124,0.0,0.0
936,variation,440,41,399,0.0932,26,414,0.0591,0.6341,440,0,1.0,16.9231,24,416,0.0545,0.9231
937,utilized,128,3,125,0.0234,0,128,0.0,0.0,128,0,1.0,0.0,0,128,0.0,0.0
938,conventional,124,3,121,0.0242,0,124,0.0,0.0,124,0,1.0,0.0,0,124,0.0,0.0
939,supervised,137,9,128,0.0657,6,131,0.0438,0.6667,137,0,1.0,22.8333,0,137,0.0,0.0
940,feed-forward,124,3,121,0.0242,0,124,0.0,0.0,124,0,1.0,0.0,0,124,0.0,0.0
941,neural,213,4,209,0.0188,1,212,0.0047,0.25,213,0,1.0,213.0,1,212,0.0047,1.0
942,dnn,124,3,121,0.0242,0,124,0.0,0.0,124,0,1.0,0.0,0,124,0.0,0.0
943,pose-dependent,124,3,121,0.0242,0,124,0.0,0.0,124,0,1.0,0.0,0,124,0.0,0.0
944,scorer,124,3,121,0.0242,0,124,0.0,0.0,124,0,1.0,0.0,0,124,0.0,0.0
945,perturbed,124,3,121,0.0242,0,124,0.0,0.0,124,0,1.0,0.0,0,124,0.0,0.0
946,monte,146,3,143,0.0205,0,146,0.0,0.0,146,0,1.0,0.0,0,146,0.0,0.0
947,carlo,133,3,130,0.0226,0,133,0.0,0.0,133,0,1.0,0.0,0,133,0.0,0.0
948,metropolis,124,3,121,0.0242,0,124,0.0,0.0,124,0,1.0,0.0,0,124,0.0,0.0
949,fashion,285,3,282,0.0105,0,285,0.0,0.0,285,0,1.0,0.0,0,285,0.0,0.0
950,alchemical,124,3,121,0.0242,0,124,0.0,0.0,124,0,1.0,0.0,0,124,0.0,0.0
951,minimize,944,27,917,0.0286,17,927,0.018,0.6296,944,0,1.0,55.5294,16,928,0.0169,0.9412
952,optimize,180,24,156,0.1333,21,159,0.1167,0.875,180,0,1.0,8.5714,11,169,0.0611,0.5238
953,filter,793,88,705,0.111,69,724,0.087,0.7841,793,0,1.0,11.4928,18,775,0.0227,0.2609
954,unstable,162,3,159,0.0185,0,162,0.0,0.0,162,0,1.0,0.0,0,162,0.0,0.0
955,non-drug-like,124,3,121,0.0242,0,124,0.0,0.0,124,0,1.0,0.0,0,124,0.0,0.0
956,qsar,37,3,34,0.0811,0,37,0.0,0.0,37,0,1.0,0.0,0,37,0.0,0.0
957,qspr,37,3,34,0.0811,0,37,0.0,0.0,37,0,1.0,0.0,0,37,0.0,0.0
958,recombined,23,1,22,0.0435,0,23,0.0,0.0,23,0,1.0,0.0,0,23,0.0,0.0
959,linkfragments,124,3,121,0.0242,0,124,0.0,0.0,124,0,1.0,0.0,0,124,0.0,0.0
960,combinatorial,226,26,200,0.115,13,213,0.0575,0.5,226,0,1.0,17.3846,1,225,0.0044,0.0769
961,clash,193,12,181,0.0622,8,185,0.0415,0.6667,193,0,1.0,24.125,6,187,0.0311,0.75
962,resolution,150,22,128,0.1467,18,132,0.12,0.8182,150,0,1.0,8.3333,18,132,0.12,1.0
963,minor,152,4,148,0.0263,1,151,0.0066,0.25,152,0,1.0,152.0,1,151,0.0066,1.0
964,manual,282,26,256,0.0922,22,260,0.078,0.8462,282,0,1.0,12.8182,4,278,0.0142,0.1818
965,intentionally,124,3,121,0.0242,0,124,0.0,0.0,124,0,1.0,0.0,0,124,0.0,0.0
966,structure-activity,134,8,126,0.0597,5,129,0.0373,0.625,134,0,1.0,26.8,5,129,0.0373,1.0
967,relationship,136,8,128,0.0588,5,131,0.0368,0.625,136,0,1.0,27.2,5,131,0.0368,1.0
968,re-docked,194,15,179,0.0773,4,190,0.0206,0.2667,194,0,1.0,48.5,3,191,0.0155,0.75
969,rosettaligand,124,3,121,0.0242,0,124,0.0,0.0,124,0,1.0,0.0,0,124,0.0,0.0
970,top-scoring,124,3,121,0.0242,0,124,0.0,0.0,124,0,1.0,0.0,0,124,0.0,0.0
971,complex,1648,24,1624,0.0146,13,1635,0.0079,0.5417,1648,0,1.0,126.7692,13,1635,0.0079,1.0
972,multiple,363,32,331,0.0882,21,342,0.0579,0.6562,363,0,1.0,17.2857,4,359,0.011,0.1905
973,well-populated,124,3,121,0.0242,0,124,0.0,0.0,124,0,1.0,0.0,0,124,0.0,0.0
974,scoring,767,98,669,0.1278,64,703,0.0834,0.6531,767,0,1.0,11.9844,18,749,0.0235,0.2812
975,nomenclature,122,3,119,0.0246,0,122,0.0,0.0,122,0,1.0,0.0,0,122,0.0,0.0
976,xlogp,121,3,118,0.0248,0,121,0.0,0.0,121,0,1.0,0.0,0,121,0.0,0.0
977,xlogs,121,3,118,0.0248,0,121,0.0,0.0,121,0,1.0,0.0,0,121,0.0,0.0
978,xdg_hyd,121,3,118,0.0248,0,121,0.0,0.0,121,0,1.0,0.0,0,121,0.0,0.0
979,logp,474,58,416,0.1224,48,426,0.1013,0.8276,474,0,1.0,9.875,39,435,0.0823,0.8125
980,dg_hydration,121,3,118,0.0248,0,121,0.0,0.0,121,0,1.0,0.0,0,121,0.0,0.0
981,kcal,268,39,229,0.1455,24,244,0.0896,0.6154,268,0,1.0,11.1667,9,259,0.0336,0.375
982,mol,6891,394,6497,0.0572,314,6577,0.0456,0.797,6891,0,1.0,21.9459,135,6756,0.0196,0.4299
983,multi-tasking,121,3,118,0.0248,0,121,0.0,0.0,121,0,1.0,0.0,0,121,0.0,0.0
984,lipinksidruglike,121,3,118,0.0248,0,121,0.0,0.0,121,0,1.0,0.0,0,121,0.0,0.0
985,returns,121,3,118,0.0248,0,121,0.0,0.0,121,0,1.0,0.0,0,121,0.0,0.0
986,lipinksi,121,3,118,0.0248,0,121,0.0,0.0,121,0,1.0,0.0,0,121,0.0,0.0
987,violations,137,3,134,0.0219,0,137,0.0,0.0,137,0,1.0,0.0,0,137,0.0,0.0
988,rs_score_raw,121,3,118,0.0248,0,121,0.0,0.0,121,0,1.0,0.0,0,121,0.0,0.0
989,rsconvol_score_raw,121,3,118,0.0248,0,121,0.0,0.0,121,0,1.0,0.0,0,121,0.0,0.0
990,prediction,234,16,218,0.0684,7,227,0.0299,0.4375,234,0,1.0,33.4286,4,230,0.0171,0.5714
991,-log,127,4,123,0.0315,1,126,0.0079,0.25,127,0,1.0,127.0,0,127,0.0,0.0
992,pose-independent,121,3,118,0.0248,0,121,0.0,0.0,121,0,1.0,0.0,0,121,0.0,0.0
993,rs_ad,121,3,118,0.0248,0,121,0.0,0.0,121,0,1.0,0.0,0,121,0.0,0.0
994,rsconvol_ad,121,3,118,0.0248,0,121,0.0,0.0,121,0,1.0,0.0,0,121,0.0,0.0
995,applicability,121,3,118,0.0248,0,121,0.0,0.0,121,0,1.0,0.0,0,121,0.0,0.0
996,domain,131,3,128,0.0229,0,131,0.0,0.0,131,0,1.0,0.0,0,131,0.0,0.0
997,less_equal,121,3,118,0.0248,0,121,0.0,0.0,121,0,1.0,0.0,0,121,0.0,0.0
998,trust,121,3,118,0.0248,0,121,0.0,0.0,121,0,1.0,0.0,0,121,0.0,0.0
999,corresponding,305,14,291,0.0459,4,301,0.0131,0.2857,305,0,1.0,76.25,2,303,0.0066,0.5
1000,activity,1410,62,1348,0.044,54,1356,0.0383,0.871,1410,0,1.0,26.1111,35,1375,0.0248,0.6481
1001,reasonably,134,8,126,0.0597,5,129,0.0373,0.625,134,0,1.0,26.8,0,134,0.0,0.0
1002,rosettaligandinterfacescore,121,3,118,0.0248,0,121,0.0,0.0,121,0,1.0,0.0,0,121,0.0,0.0
1003,interface_delta_x,121,3,118,0.0248,0,121,0.0,0.0,121,0,1.0,0.0,0,121,0.0,0.0
1004,rosetta,128,3,125,0.0234,0,128,0.0,0.0,128,0,1.0,0.0,0,128,0.0,0.0
1005,talaris2014,121,3,118,0.0248,0,121,0.0,0.0,121,0,1.0,0.0,0,121,0.0,0.0
1006,reu,129,11,118,0.0853,8,121,0.062,0.7273,129,0,1.0,16.125,7,122,0.0543,0.875
1007,moleculecomplexity,121,3,118,0.0248,0,121,0.0,0.0,121,0,1.0,0.0,0,121,0.0,0.0
1008,metric,428,9,419,0.021,5,423,0.0117,0.5556,428,0,1.0,85.6,1,427,0.0023,0.2
1009,ertl,121,3,118,0.0248,0,121,0.0,0.0,121,0,1.0,0.0,0,121,0.0,0.0
1010,journal,194,3,191,0.0155,0,194,0.0,0.0,194,0,1.0,0.0,0,194,0.0,0.0
1011,cheminformatics,188,3,185,0.016,0,188,0.0,0.0,188,0,1.0,0.0,0,188,0.0,0.0
1012,synthesizable,145,10,135,0.069,1,144,0.0069,0.1,145,0,1.0,145.0,1,144,0.0069,1.0
1013,according,135,38,97,0.2815,24,111,0.1778,0.6316,135,0,1.0,5.625,6,129,0.0444,0.25
1014,upload,171,17,154,0.0994,16,155,0.0936,0.9412,171,0,1.0,10.6875,14,157,0.0819,0.875
1015,-rosettaligandinterfacescore,20,1,19,0.05,0,20,0.0,0.0,20,0,1.0,0.0,0,20,0.0,0.0
1016,-16,183,43,140,0.235,31,152,0.1694,0.7209,183,0,1.0,5.9032,26,157,0.1421,0.8387
1017,-rs_score_raw,20,1,19,0.05,0,20,0.0,0.0,20,0,1.0,0.0,0,20,0.0,0.0
1018,-rsconvol_score_raw,20,1,19,0.05,0,20,0.0,0.0,20,0,1.0,0.0,0,20,0.0,0.0
1019,-property,20,1,19,0.05,0,20,0.0,0.0,20,0,1.0,0.0,0,20,0.0,0.0
1020,-xlogp,20,1,19,0.05,0,20,0.0,0.0,20,0,1.0,0.0,0,20,0.0,0.0
1021,-xlogs,20,1,19,0.05,0,20,0.0,0.0,20,0,1.0,0.0,0,20,0.0,0.0
1022,-xdg_hyd,20,1,19,0.05,0,20,0.0,0.0,20,0,1.0,0.0,0,20,0.0,0.0
1023,-11,280,57,223,0.2036,48,232,0.1714,0.8421,280,0,1.0,5.8333,46,234,0.1643,0.9583
1024,-moleculecomplexity,20,1,19,0.05,0,20,0.0,0.0,20,0,1.0,0.0,0,20,0.0,0.0
1025,-additional,20,1,19,0.05,0,20,0.0,0.0,20,0,1.0,0.0,0,20,0.0,0.0
1026,-weight,20,1,19,0.05,0,20,0.0,0.0,20,0,1.0,0.0,0,20,0.0,0.0
1027,-number,20,1,19,0.05,0,20,0.0,0.0,20,0,1.0,0.0,0,20,0.0,0.0
1028,rotatable,78,15,63,0.1923,14,64,0.1795,0.9333,78,0,1.0,5.5714,6,72,0.0769,0.4286
1029,-tpsa,20,1,19,0.05,0,20,0.0,0.0,20,0,1.0,0.0,0,20,0.0,0.0
1030,-15,267,52,215,0.1948,43,224,0.161,0.8269,267,0,1.0,6.2093,40,227,0.1498,0.9302
1031,-13,205,36,169,0.1756,29,176,0.1415,0.8056,205,0,1.0,7.069,29,176,0.1415,1.0
1032,-18,244,36,208,0.1475,27,217,0.1107,0.75,244,0,1.0,9.037,23,221,0.0943,0.8519
1033,-19,552,86,466,0.1558,78,474,0.1413,0.907,552,0,1.0,7.0769,63,489,0.1141,0.8077
1034,-14,205,40,165,0.1951,37,168,0.1805,0.925,205,0,1.0,5.5405,36,169,0.1756,0.973
1035,-12,323,48,275,0.1486,42,281,0.13,0.875,323,0,1.0,7.6905,36,287,0.1115,0.8571
1036,-10,327,37,290,0.1131,27,300,0.0826,0.7297,327,0,1.0,12.1111,24,303,0.0734,0.8889
1037,-cn,10,0,10,0.0,0,10,0.0,0.0,10,0,1.0,0.0,0,10,0.0,0.0
1038,visual,249,74,175,0.2972,52,197,0.2088,0.7027,249,0,1.0,4.7885,16,233,0.0643,0.3077
1039,inspection,168,63,105,0.375,45,123,0.2679,0.7143,168,0,1.0,3.7333,5,163,0.0298,0.1111
1040,spatial,1,0,1,0.0,0,1,0.0,0.0,1,0,1.0,0.0,0,1,0.0,0.0
1041,frank,16,15,1,0.9375,15,1,0.9375,1.0,16,0,1.0,1.0667,15,1,0.9375,1.0
1042,delft,16,15,1,0.9375,15,1,0.9375,1.0,16,0,1.0,1.0667,15,1,0.9375,1.0
1043,cleft,28,0,28,0.0,0,28,0.0,0.0,28,0,1.0,0.0,0,28,0.0,0.0
1044,collagen,4,0,4,0.0,0,4,0.0,0.0,4,0,1.0,0.0,0,4,0.0,0.0
1045,triple,20,4,16,0.2,4,16,0.2,1.0,20,0,1.0,5.0,4,16,0.2,1.0
1046,helical,4,0,4,0.0,0,4,0.0,0.0,4,0,1.0,0.0,0,4,0.0,0.0
1047,helix,4,0,4,0.0,0,4,0.0,0.0,4,0,1.0,0.0,0,4,0.0,0.0
1048,resistant,106,4,102,0.0377,2,104,0.0189,0.5,106,0,1.0,53.0,2,104,0.0189,1.0
1049,absorbed,91,2,89,0.022,2,89,0.022,1.0,91,0,1.0,45.5,2,89,0.022,1.0
1050,gut,4,0,4,0.0,0,4,0.0,0.0,4,0,1.0,0.0,0,4,0.0,0.0
1051,renal,4,0,4,0.0,0,4,0.0,0.0,4,0,1.0,0.0,0,4,0.0,0.0
1052,clearance,15,4,11,0.2667,4,11,0.2667,1.0,15,0,1.0,3.75,4,11,0.2667,1.0
1053,disadvantage,26,0,26,0.0,0,26,0.0,0.0,26,0,1.0,0.0,0,26,0.0,0.0
1054,permeate,4,0,4,0.0,0,4,0.0,0.0,4,0,1.0,0.0,0,4,0.0,0.0
1055,membrane,32,11,21,0.3438,4,28,0.125,0.3636,32,0,1.0,8.0,0,32,0.0,0.0
1056,realised,4,0,4,0.0,0,4,0.0,0.0,4,0,1.0,0.0,0,4,0.0,0.0
1057,coming,55,8,47,0.1455,8,47,0.1455,1.0,55,0,1.0,6.875,0,55,0.0,0.0
1058,gfrgfs,7,0,7,0.0,0,7,0.0,0.0,7,0,1.0,0.0,0,7,0.0,0.0
1059,sopped,4,0,4,0.0,0,4,0.0,0.0,4,0,1.0,0.0,0,4,0.0,0.0
1060,hexamer,4,0,4,0.0,0,4,0.0,0.0,4,0,1.0,0.0,0,4,0.0,0.0
1061,onto,39,1,38,0.0256,1,38,0.0256,1.0,39,0,1.0,39.0,0,39,0.0,0.0
1062,harbouring,4,0,4,0.0,0,4,0.0,0.0,4,0,1.0,0.0,0,4,0.0,0.0
1063,cluspro,4,0,4,0.0,0,4,0.0,0.0,4,0,1.0,0.0,0,4,0.0,0.0
1064,albeit,14,5,9,0.3571,5,9,0.3571,1.0,14,0,1.0,2.8,5,9,0.3571,1.0
1065,energies,41,0,41,0.0,0,41,0.0,0.0,41,0,1.0,0.0,0,41,0.0,0.0
1066,n-pyridyl-isonipecotamides,6,5,1,0.8333,3,3,0.5,0.6,6,0,1.0,2.0,0,6,0.0,0.0
1067,nipecotamides,6,5,1,0.8333,3,3,0.5,0.6,6,0,1.0,2.0,0,6,0.0,0.0
1068,reproduce,71,5,66,0.0704,3,68,0.0423,0.6,71,0,1.0,23.6667,0,71,0.0,0.0
1069,lenght,6,5,1,0.8333,3,3,0.5,0.6,6,0,1.0,2.0,0,6,0.0,0.0
1070,reference,138,26,112,0.1884,24,114,0.1739,0.9231,138,0,1.0,5.75,21,117,0.1522,0.875
1071,alert,167,47,120,0.2814,43,124,0.2575,0.9149,167,0,1.0,3.8837,8,159,0.0479,0.186
1072,protective,6,5,1,0.8333,3,3,0.5,0.6,6,0,1.0,2.0,0,6,0.0,0.0
1073,reactive,111,28,83,0.2523,17,94,0.1532,0.6071,111,0,1.0,6.5294,13,98,0.1171,0.7647
1074,mpro-x0195,3,0,3,0.0,0,3,0.0,0.0,3,0,1.0,0.0,0,3,0.0,0.0
1075,virtual,1478,106,1372,0.0717,94,1384,0.0636,0.8868,1478,0,1.0,15.7234,17,1461,0.0115,0.1809
1076,reality,10,0,10,0.0,0,10,0.0,0.0,10,0,1.0,0.0,0,10,0.0,0.0
1077,modify,44,7,37,0.1591,3,41,0.0682,0.4286,44,0,1.0,14.6667,2,42,0.0455,0.6667
1078,stitch,3,0,3,0.0,0,3,0.0,0.0,3,0,1.0,0.0,0,3,0.0,0.0
1079,shared,43,4,39,0.093,3,40,0.0698,0.75,43,0,1.0,14.3333,0,43,0.0,0.0
1080,co-crystallized,21,1,20,0.0476,1,20,0.0476,1.0,21,0,1.0,21.0,0,21,0.0,0.0
1081,cresset,22,0,22,0.0,0,22,0.0,0.0,22,0,1.0,0.0,0,22,0.0,0.0
1082,flare,31,2,29,0.0645,1,30,0.0323,0.5,31,0,1.0,31.0,0,31,0.0,0.0
1083,employing,14,0,14,0.0,0,14,0.0,0.0,14,0,1.0,0.0,0,14,0.0,0.0
1084,silico,56,1,55,0.0179,1,55,0.0179,1.0,56,0,1.0,56.0,0,56,0.0,0.0
1085,whilst,26,1,25,0.0385,0,26,0.0,0.0,26,0,1.0,0.0,0,26,0.0,0.0
1086,complementarity,132,2,130,0.0152,0,132,0.0,0.0,132,0,1.0,0.0,0,132,0.0,0.0
1087,methyl-oh,14,0,14,0.0,0,14,0.0,0.0,14,0,1.0,0.0,0,14,0.0,0.0
1088,pyrrole,26,3,23,0.1154,0,26,0.0,0.0,26,0,1.0,0.0,0,26,0.0,0.0
1089,pyrazole,55,24,31,0.4364,18,37,0.3273,0.75,55,0,1.0,3.0556,18,37,0.3273,1.0
1090,comment,33,0,33,0.0,0,33,0.0,0.0,33,0,1.0,0.0,0,33,0.0,0.0
1091,heterocyclic,79,21,58,0.2658,20,59,0.2532,0.9524,79,0,1.0,3.95,20,59,0.2532,1.0
1092,goal,135,41,94,0.3037,41,94,0.3037,1.0,135,0,1.0,3.2927,35,100,0.2593,0.8537
1093,repositioning,17,3,14,0.1765,3,14,0.1765,1.0,17,0,1.0,5.6667,0,17,0.0,0.0
1094,m-pro,21,5,16,0.2381,5,16,0.2381,1.0,21,0,1.0,4.2,0,21,0.0,0.0
1095,e-drug3d,5,2,3,0.4,2,3,0.4,1.0,5,0,1.0,2.5,0,5,0.0,0.0
1096,chemoinfo,5,2,3,0.4,2,3,0.4,1.0,5,0,1.0,2.5,0,5,0.0,0.0
1097,ipmc,5,2,3,0.4,2,3,0.4,1.0,5,0,1.0,2.5,0,5,0.0,0.0
1098,cnrs,5,2,3,0.4,2,3,0.4,1.0,5,0,1.0,2.5,0,5,0.0,0.0
1099,moldb,5,2,3,0.4,2,3,0.4,1.0,5,0,1.0,2.5,0,5,0.0,0.0
1100,index,10,2,8,0.2,2,8,0.2,1.0,10,0,1.0,5.0,0,10,0.0,0.0
1101,php,10,2,8,0.2,2,8,0.2,1.0,10,0,1.0,5.0,0,10,0.0,0.0
1102,fda,119,4,115,0.0336,4,115,0.0336,1.0,119,0,1.0,29.75,0,119,0.0,0.0
1103,6lu7,171,21,150,0.1228,19,152,0.1111,0.9048,171,0,1.0,9.0,14,157,0.0819,0.7368
1104,glidesp,26,15,11,0.5769,15,11,0.5769,1.0,26,0,1.0,1.7333,4,22,0.1538,0.2667
1105,fred,7,3,4,0.4286,3,4,0.4286,1.0,7,0,1.0,2.3333,0,7,0.0,0.0
1106,program,62,17,45,0.2742,15,47,0.2419,0.8824,62,0,1.0,4.1333,1,61,0.0161,0.0667
1107,per,2292,354,1938,0.1545,245,2047,0.1069,0.6921,2292,0,1.0,9.3551,125,2167,0.0545,0.5102
1108,bioactive,8,4,4,0.5,4,4,0.5,1.0,8,0,1.0,2.0,1,7,0.125,0.25
1109,simultaneously,20,9,11,0.45,9,11,0.45,1.0,20,0,1.0,2.2222,0,20,0.0,0.0
1110,rmsd,143,5,138,0.035,3,140,0.021,0.6,143,0,1.0,47.6667,0,143,0.0,0.0
1111,pairwise,8,3,5,0.375,3,5,0.375,1.0,8,0,1.0,2.6667,0,8,0.0,0.0
1112,comparison,73,14,59,0.1918,13,60,0.1781,0.9286,73,0,1.0,5.6154,8,65,0.1096,0.6154
1113,below,104,16,88,0.1538,16,88,0.1538,1.0,104,0,1.0,6.5,1,103,0.0096,0.0625
1114,fail,35,3,32,0.0857,3,32,0.0857,1.0,35,0,1.0,11.6667,0,35,0.0,0.0
1115,rank,235,68,167,0.2894,54,181,0.2298,0.7941,235,0,1.0,4.3519,25,210,0.1064,0.463
1116,probability,7,3,4,0.4286,3,4,0.4286,1.0,7,0,1.0,2.3333,0,7,0.0,0.0
1117,threshold,11,3,8,0.2727,3,8,0.2727,1.0,11,0,1.0,3.6667,0,11,0.0,0.0
1118,discriminate,7,3,4,0.4286,3,4,0.4286,1.0,7,0,1.0,2.3333,0,7,0.0,0.0
1119,otava,7,3,4,0.4286,3,4,0.4286,1.0,7,0,1.0,2.3333,0,7,0.0,0.0
1120,machine,462,66,396,0.1429,60,402,0.1299,0.9091,462,0,1.0,7.7,43,419,0.0931,0.7167
1121,library,4021,464,3557,0.1154,389,3632,0.0967,0.8384,4021,0,1.0,10.3368,331,3690,0.0823,0.8509
1122,otavachemicals,7,3,4,0.4286,3,4,0.4286,1.0,7,0,1.0,2.3333,0,7,0.0,0.0
1123,sars-cov-2-targeted-libraries,7,3,4,0.4286,3,4,0.4286,1.0,7,0,1.0,2.3333,0,7,0.0,0.0
1124,utm_medium,7,3,4,0.4286,3,4,0.4286,1.0,7,0,1.0,2.3333,0,7,0.0,0.0
1125,utm_source,7,3,4,0.4286,3,4,0.4286,1.0,7,0,1.0,2.3333,0,7,0.0,0.0
1126,unisender,7,3,4,0.4286,3,4,0.4286,1.0,7,0,1.0,2.3333,0,7,0.0,0.0
1127,utm_campaign,7,3,4,0.4286,3,4,0.4286,1.0,7,0,1.0,2.3333,0,7,0.0,0.0
1128,identical,35,4,31,0.1143,4,31,0.1143,1.0,35,0,1.0,8.75,0,35,0.0,0.0
1129,top-ranked,37,5,32,0.1351,5,32,0.1351,1.0,37,0,1.0,7.4,2,35,0.0541,0.4
1130,histograms,7,3,4,0.4286,3,4,0.4286,1.0,7,0,1.0,2.3333,0,7,0.0,0.0
1131,arbitrarily,8,3,5,0.375,3,5,0.375,1.0,8,0,1.0,2.6667,0,8,0.0,0.0
1132,distinguish,7,3,4,0.4286,3,4,0.4286,1.0,7,0,1.0,2.3333,0,7,0.0,0.0
1133,lowest,33,7,26,0.2121,5,28,0.1515,0.7143,33,0,1.0,6.6,2,31,0.0606,0.4
1134,interval,7,3,4,0.4286,3,4,0.4286,1.0,7,0,1.0,2.3333,0,7,0.0,0.0
1135,succeed,7,3,4,0.4286,3,4,0.4286,1.0,7,0,1.0,2.3333,0,7,0.0,0.0
1136,positive,85,16,69,0.1882,15,70,0.1765,0.9375,85,0,1.0,5.6667,3,82,0.0353,0.2
1137,negative,48,5,43,0.1042,5,43,0.1042,1.0,48,0,1.0,9.6,0,48,0.0,0.0
1138,mentioned,64,4,60,0.0625,4,60,0.0625,1.0,64,0,1.0,16.0,1,63,0.0156,0.25
1139,corresponds,12,3,9,0.25,3,9,0.25,1.0,12,0,1.0,4.0,0,12,0.0,0.0
1140,celecoxib,1,1,0,1.0,1,0,1.0,1.0,1,0,1.0,1.0,0,1,0.0,0.0
1141,wikipedia,13,8,5,0.6154,8,5,0.6154,1.0,13,0,1.0,1.625,5,8,0.3846,0.625
1142,wiki,52,8,44,0.1538,8,44,0.1538,1.0,52,0,1.0,6.5,5,47,0.0962,0.625
1143,ids,839,108,731,0.1287,98,741,0.1168,0.9074,839,0,1.0,8.5612,5,834,0.006,0.051
1144,mandatory,27,15,12,0.5556,15,12,0.5556,1.0,27,0,1.0,1.8,12,15,0.4444,0.8
1145,alprazolam,1,0,1,0.0,0,1,0.0,0.0,1,0,1.0,0.0,0,1,0.0,0.0
1146,carprofen,1,1,0,1.0,1,0,1.0,1.0,1,0,1.0,1.0,0,1,0.0,0.0
1147,perampanel,5,0,5,0.0,0,5,0.0,0.0,5,0,1.0,0.0,0,5,0.0,0.0
1148,trovafloxacin,1,0,1,0.0,0,1,0.0,0.0,1,0,1.0,0.0,0,1,0.0,0.0
1149,intermolecular,8,0,8,0.0,0,8,0.0,0.0,8,0,1.0,0.0,0,8,0.0,0.0
1150,capitalizes,8,0,8,0.0,0,8,0.0,0.0,8,0,1.0,0.0,0,8,0.0,0.0
1151,pi-stacking,10,0,10,0.0,0,10,0.0,0.0,10,0,1.0,0.0,0,10,0.0,0.0
1152,phe,856,116,740,0.1355,70,786,0.0818,0.6034,856,0,1.0,12.2286,47,809,0.0549,0.6714
1153,opportunities,23,0,23,0.0,0,23,0.0,0.0,23,0,1.0,0.0,0,23,0.0,0.0
1154,outer,10,1,9,0.1,0,10,0.0,0.0,10,0,1.0,0.0,0,10,0.0,0.0
1155,drawings,8,0,8,0.0,0,8,0.0,0.0,8,0,1.0,0.0,0,8,0.0,0.0
1156,slight,615,6,609,0.0098,3,612,0.0049,0.5,615,0,1.0,205.0,3,612,0.0049,1.0
1157,theme,14,3,11,0.2143,2,12,0.1429,0.6667,14,0,1.0,7.0,2,12,0.1429,1.0
1158,capacity,39,2,37,0.0513,1,38,0.0256,0.5,39,0,1.0,39.0,1,38,0.0256,1.0
1159,computer,41,1,40,0.0244,1,40,0.0244,1.0,41,0,1.0,41.0,1,40,0.0244,1.0
1160,genetic,98,2,96,0.0204,2,96,0.0204,1.0,98,0,1.0,49.0,0,98,0.0,0.0
1161,population,87,1,86,0.0115,1,86,0.0115,1.0,87,0,1.0,87.0,0,87,0.0,0.0
1162,comprises,37,0,37,0.0,0,37,0.0,0.0,37,0,1.0,0.0,0,37,0.0,0.0
1163,postera,400,43,357,0.1075,33,367,0.0825,0.7674,400,0,1.0,12.1212,18,382,0.045,0.5455
1164,march,49,1,48,0.0204,1,48,0.0204,1.0,49,0,1.0,49.0,0,49,0.0,0.0
1165,22nd,37,0,37,0.0,0,37,0.0,0.0,37,0,1.0,0.0,0,37,0.0,0.0
1166,fitness,37,0,37,0.0,0,37,0.0,0.0,37,0,1.0,0.0,0,37,0.0,0.0
1167,member,300,76,224,0.2533,72,228,0.24,0.9474,300,0,1.0,4.1667,23,277,0.0767,0.3194
1168,measured,89,11,78,0.1236,9,80,0.1011,0.8182,89,0,1.0,9.8889,7,82,0.0787,0.7778
1169,soap,49,0,49,0.0,0,49,0.0,0.0,49,0,1.0,0.0,0,49,0.0,0.0
1170,descriptor,186,7,179,0.0376,4,182,0.0215,0.5714,186,0,1.0,46.5,3,183,0.0161,0.75
1171,co-ordinates,37,0,37,0.0,0,37,0.0,0.0,37,0,1.0,0.0,0,37,0.0,0.0
1172,focus,459,85,374,0.1852,72,387,0.1569,0.8471,459,0,1.0,6.375,41,418,0.0893,0.5694
1173,similarities,101,9,92,0.0891,8,93,0.0792,0.8889,101,0,1.0,12.625,1,100,0.0099,0.125
1174,mutating,37,0,37,0.0,0,37,0.0,0.0,37,0,1.0,0.0,0,37,0.0,0.0
1175,breeding,37,0,37,0.0,0,37,0.0,0.0,37,0,1.0,0.0,0,37,0.0,0.0
1176,whichever,37,0,37,0.0,0,37,0.0,0.0,37,0,1.0,0.0,0,37,0.0,0.0
1177,principle,42,0,42,0.0,0,42,0.0,0.0,42,0,1.0,0.0,0,42,0.0,0.0
1178,earlier,47,6,41,0.1277,6,41,0.1277,1.0,47,0,1.0,7.8333,1,46,0.0213,0.1667
1179,including,160,10,150,0.0625,9,151,0.0562,0.9,160,0,1.0,17.7778,2,158,0.0125,0.2222
1180,modification,415,47,368,0.1133,35,380,0.0843,0.7447,415,0,1.0,11.8571,10,405,0.0241,0.2857
1181,protrudes,1,1,0,1.0,0,1,0.0,0.0,1,0,1.0,0.0,0,1,0.0,0.0
1182,asp,68,3,65,0.0441,2,66,0.0294,0.6667,68,0,1.0,34.0,0,68,0.0,0.0
1183,gln,154,31,123,0.2013,22,132,0.1429,0.7097,154,0,1.0,7.0,18,136,0.1169,0.8182
1184,sandwiching,1,1,0,1.0,0,1,0.0,0.0,1,0,1.0,0.0,0,1,0.0,0.0
1185,changing,59,9,50,0.1525,8,51,0.1356,0.8889,59,0,1.0,7.375,6,53,0.1017,0.75
1186,backpocket,1,1,0,1.0,0,1,0.0,0.0,1,0,1.0,0.0,0,1,0.0,0.0
1187,glu,327,34,293,0.104,18,309,0.055,0.5294,327,0,1.0,18.1667,11,316,0.0336,0.6111
1188,trypsin,2,0,2,0.0,0,2,0.0,0.0,2,0,1.0,0.0,0,2,0.0,0.0
1189,publication,7,0,7,0.0,0,7,0.0,0.0,7,0,1.0,0.0,0,7,0.0,0.0
1190,sciencedirect,4,0,4,0.0,0,4,0.0,0.0,4,0,1.0,0.0,0,4,0.0,0.0
1191,article,53,2,51,0.0377,2,51,0.0377,1.0,53,0,1.0,26.5,1,52,0.0189,0.5
1192,abs,133,17,116,0.1278,15,118,0.1128,0.8824,133,0,1.0,8.8667,9,124,0.0677,0.6
1193,pii,4,0,4,0.0,0,4,0.0,0.0,4,0,1.0,0.0,0,4,0.0,0.0
1194,proteasome,1,0,1,0.0,0,1,0.0,0.0,1,0,1.0,0.0,0,1,0.0,0.0
1195,malaria,59,1,58,0.0169,1,58,0.0169,1.0,59,0,1.0,59.0,0,59,0.0,0.0
1196,covid,958,56,902,0.0585,28,930,0.0292,0.5,958,0,1.0,34.2143,14,944,0.0146,0.5
1197,ed886787-7a03-461a-8e89-d76e33337a9e,1,0,1,0.0,0,1,0.0,0.0,1,0,1.0,0.0,0,1,0.0,0.0
1198,plot,102,2,100,0.0196,0,102,0.0,0.0,102,0,1.0,0.0,0,102,0.0,0.0
1199,converged,21,0,21,0.0,0,21,0.0,0.0,21,0,1.0,0.0,0,21,0.0,0.0
1200,pdbbind,27,1,26,0.037,1,26,0.037,1.0,27,0,1.0,27.0,1,26,0.037,1.0
1201,4yoj,27,1,26,0.037,1,26,0.037,1.0,27,0,1.0,27.0,1,26,0.037,1.0
1202,zoonotic,27,1,26,0.037,1,26,0.037,1.0,27,0,1.0,27.0,1,26,0.037,1.0
1203,3c-like,28,1,27,0.0357,1,27,0.0357,1.0,28,0,1.0,28.0,1,27,0.0357,1.0
1204,coronavirus,113,6,107,0.0531,5,108,0.0442,0.8333,113,0,1.0,22.6,5,108,0.0442,1.0
1205,hku4,27,1,26,0.037,1,26,0.037,1.0,27,0,1.0,27.0,1,26,0.037,1.0
1206,reservoir,27,1,26,0.037,1,26,0.037,1.0,27,0,1.0,27.0,1,26,0.037,1.0
1207,host,49,1,48,0.0204,1,48,0.0204,1.0,49,0,1.0,49.0,1,48,0.0204,1.0
1208,syndrome,31,1,30,0.0323,1,30,0.0323,1.0,31,0,1.0,31.0,1,30,0.0323,1.0
1209,mers,3463,53,3410,0.0153,47,3416,0.0136,0.8868,3463,0,1.0,73.6809,46,3417,0.0133,0.9787
1210,sarah,27,1,26,0.037,1,26,0.037,1.0,27,0,1.0,27.0,1,26,0.037,1.0
1211,johnabcsakshitomaracshaun,27,1,26,0.037,1,26,0.037,1.0,27,0,1.0,27.0,1,26,0.037,1.0
1212,staufferdeandrew,27,1,26,0.037,1,26,0.037,1.0,27,0,1.0,27.0,1,26,0.037,1.0
1213,mesecarabc,27,1,26,0.037,1,26,0.037,1.0,27,0,1.0,27.0,1,26,0.037,1.0
1214,amid,3320,441,2879,0.1328,325,2995,0.0979,0.737,3320,0,1.0,10.2154,208,3112,0.0627,0.64
1215,benzotriazol,156,34,122,0.2179,29,127,0.1859,0.8529,156,0,1.0,5.3793,29,127,0.1859,1.0
1216,p2-p4,27,1,26,0.037,1,26,0.037,1.0,27,0,1.0,27.0,1,26,0.037,1.0
1217,thiophenyl,27,1,26,0.037,1,26,0.037,1.0,27,0,1.0,27.0,1,26,0.037,1.0
1218,stock,220,44,176,0.2,42,178,0.1909,0.9545,220,0,1.0,5.2381,34,186,0.1545,0.8095
1219,aldehyde,123,21,102,0.1707,16,107,0.1301,0.7619,123,0,1.0,7.6875,16,107,0.1301,1.0
1220,rdkit,213,23,190,0.108,17,196,0.0798,0.7391,213,0,1.0,12.5294,4,209,0.0188,0.2353
1221,flexx,27,1,26,0.037,1,26,0.037,1.0,27,0,1.0,27.0,1,26,0.037,1.0
1222,rescoring,27,1,26,0.037,1,26,0.037,1.0,27,0,1.0,27.0,1,26,0.037,1.0
1223,hyde,123,21,102,0.1707,16,107,0.1301,0.7619,123,0,1.0,7.6875,16,107,0.1301,1.0
1224,tight,38,6,32,0.1579,6,32,0.1579,1.0,38,0,1.0,6.3333,6,32,0.1579,1.0
1225,reasonable,66,6,60,0.0909,5,61,0.0758,0.8333,66,0,1.0,13.2,1,65,0.0152,0.2
1226,n-methyl-pyrol,27,1,26,0.037,1,26,0.037,1.0,27,0,1.0,27.0,1,26,0.037,1.0
1227,fluro-thiophen,27,1,26,0.037,1,26,0.037,1.0,27,0,1.0,27.0,1,26,0.037,1.0
1228,fluro-furan,27,1,26,0.037,1,26,0.037,1.0,27,0,1.0,27.0,1,26,0.037,1.0
1229,five-membered,48,1,47,0.0208,1,47,0.0208,1.0,48,0,1.0,48.0,1,47,0.0208,1.0
1230,p2-p1,28,1,27,0.0357,1,27,0.0357,1.0,28,0,1.0,28.0,1,27,0.0357,1.0
1231,link,1133,162,971,0.143,112,1021,0.0989,0.6914,1133,0,1.0,10.1161,66,1067,0.0583,0.5893
1232,scored,3037,30,3007,0.0099,17,3020,0.0056,0.5667,3037,0,1.0,178.6471,7,3030,0.0023,0.4118
1233,exception,32,1,31,0.0312,1,31,0.0312,1.0,32,0,1.0,32.0,1,31,0.0312,1.0
1234,capacities,27,1,26,0.037,1,26,0.037,1.0,27,0,1.0,27.0,1,26,0.037,1.0
1235,max,102,7,95,0.0686,6,96,0.0588,0.8571,102,0,1.0,17.0,4,98,0.0392,0.6667
1236,literature,142,55,87,0.3873,41,101,0.2887,0.7455,142,0,1.0,3.4634,39,103,0.2746,0.9512
1237,basis,214,41,173,0.1916,39,175,0.1822,0.9512,214,0,1.0,5.4872,9,205,0.0421,0.2308
1238,sars-cov2,21,0,21,0.0,0,21,0.0,0.0,21,0,1.0,0.0,0,21,0.0,0.0
1239,dissimilar,1,0,1,0.0,0,1,0.0,0.0,1,0,1.0,0.0,0,1,0.0,0.0
1240,rupintrivir,2,0,2,0.0,0,2,0.0,0.0,2,0,1.0,0.0,0,2,0.0,0.0
1241,ag7088,1,0,1,0.0,0,1,0.0,0.0,1,0,1.0,0.0,0,1,0.0,0.0
1242,rhinovirus,1,0,1,0.0,0,1,0.0,0.0,1,0,1.0,0.0,0,1,0.0,0.0
1243,vinyl,45,8,37,0.1778,0,45,0.0,0.0,45,0,1.0,0.0,0,45,0.0,0.0
1244,sulfone,183,17,166,0.0929,9,174,0.0492,0.5294,183,0,1.0,20.3333,9,174,0.0492,1.0
1245,palmer,1,0,1,0.0,0,1,0.0,0.0,1,0,1.0,0.0,0,1,0.0,0.0
1246,med,2140,407,1733,0.1902,283,1857,0.1322,0.6953,2140,0,1.0,7.5618,235,1905,0.1098,0.8304
1247,3193-3196,1,0,1,0.0,0,1,0.0,0.0,1,0,1.0,0.0,0,1,0.0,0.0
1248,4-fluoroleucine,1,0,1,0.0,0,1,0.0,0.0,1,0,1.0,0.0,0,1,0.0,0.0
1249,leucine,1,0,1,0.0,0,1,0.0,0.0,1,0,1.0,0.0,0,1,0.0,0.0
1250,methine,1,0,1,0.0,0,1,0.0,0.0,1,0,1.0,0.0,0,1,0.0,0.0
1251,cyclize,19,1,18,0.0526,0,19,0.0,0.0,19,0,1.0,0.0,0,19,0.0,0.0
1252,spit,4,0,4,0.0,0,4,0.0,0.0,4,0,1.0,0.0,0,4,0.0,0.0
1253,inhibitory,3,0,3,0.0,0,3,0.0,0.0,3,0,1.0,0.0,0,3,0.0,0.0
1254,accomplish,8,3,5,0.375,3,5,0.375,1.0,8,0,1.0,2.6667,0,8,0.0,0.0
1255,merck,1,0,1,0.0,0,1,0.0,0.0,1,0,1.0,0.0,0,1,0.0,0.0
1256,scientists,28,0,28,0.0,0,28,0.0,0.0,28,0,1.0,0.0,0,28,0.0,0.0
1257,instance,232,8,224,0.0345,3,229,0.0129,0.375,232,0,1.0,77.3333,3,229,0.0129,1.0
1258,gauthier,1,0,1,0.0,0,1,0.0,0.0,1,0,1.0,0.0,0,1,0.0,0.0
1259,bioorg,56,0,56,0.0,0,56,0.0,0.0,56,0,1.0,0.0,0,56,0.0,0.0
1260,lett,50,0,50,0.0,0,50,0.0,0.0,50,0,1.0,0.0,0,50,0.0,0.0
1261,923-928,1,0,1,0.0,0,1,0.0,0.0,1,0,1.0,0.0,0,1,0.0,0.0
1262,overlaid,91,2,89,0.022,2,89,0.022,1.0,91,0,1.0,45.5,2,89,0.022,1.0
1263,chemist,838,155,683,0.185,122,716,0.1456,0.7871,838,0,1.0,6.8689,92,746,0.1098,0.7541
1264,faculty,8,0,8,0.0,0,8,0.0,0.0,8,0,1.0,0.0,0,8,0.0,0.0
1265,purdue,2,0,2,0.0,0,2,0.0,0.0,2,0,1.0,0.0,0,2,0.0,0.0
1266,submit,1307,344,963,0.2632,278,1029,0.2127,0.8081,1307,0,1.0,4.7014,166,1141,0.127,0.5971
1267,anyway,4,2,2,0.5,2,2,0.5,1.0,4,0,1.0,2.0,2,2,0.5,1.0
1268,combo,110,8,102,0.0727,7,103,0.0636,0.875,110,0,1.0,15.7143,0,110,0.0,0.0
1269,generative,241,7,234,0.029,7,234,0.029,1.0,241,0,1.0,34.4286,0,241,0.0,0.0
1270,created,126,45,81,0.3571,41,85,0.3254,0.9111,126,0,1.0,3.0732,4,122,0.0317,0.0976
1271,resemblance,7,0,7,0.0,0,7,0.0,0.0,7,0,1.0,0.0,0,7,0.0,0.0
1272,qed,7,1,6,0.1429,1,6,0.1429,1.0,7,0,1.0,7.0,0,7,0.0,0.0
1273,average,87,5,82,0.0575,5,82,0.0575,1.0,87,0,1.0,17.4,3,84,0.0345,0.6
1274,sdf,110,40,70,0.3636,28,82,0.2545,0.7,110,0,1.0,3.9286,2,108,0.0182,0.0714
1275,format,1730,152,1578,0.0879,105,1625,0.0607,0.6908,1730,0,1.0,16.4762,67,1663,0.0387,0.6381
1276,pdbqt,22,1,21,0.0455,1,21,0.0455,1.0,22,0,1.0,22.0,0,22,0.0,0.0
1277,babel,109,2,107,0.0183,2,107,0.0183,1.0,109,0,1.0,54.5,2,107,0.0183,1.0
1278,apo-mpro,6,1,5,0.1667,1,5,0.1667,1.0,6,0,1.0,6.0,0,6,0.0,0.0
1279,6yb7_model,6,1,5,0.1667,1,5,0.1667,1.0,6,0,1.0,6.0,0,6,0.0,0.0
1280,source,347,137,210,0.3948,134,213,0.3862,0.9781,347,0,1.0,2.5896,100,247,0.2882,0.7463
1281,conjugation,37,1,36,0.027,1,36,0.027,1.0,37,0,1.0,37.0,0,37,0.0,0.0
1282,selection,1095,101,994,0.0922,85,1010,0.0776,0.8416,1095,0,1.0,12.8824,25,1070,0.0228,0.2941
1283,mmgbsa,17,2,15,0.1176,2,15,0.1176,1.0,17,0,1.0,8.5,0,17,0.0,0.0
1284,model-based,17,2,15,0.1176,2,15,0.1176,1.0,17,0,1.0,8.5,0,17,0.0,0.0
1285,off-target,8,2,6,0.25,1,7,0.125,0.5,8,0,1.0,8.0,0,8,0.0,0.0
1286,prediction-,6,1,5,0.1667,1,5,0.1667,1.0,6,0,1.0,6.0,0,6,0.0,0.0
1287,ligtmap,6,1,5,0.1667,1,5,0.1667,1.0,6,0,1.0,6.0,0,6,0.0,0.0
1288,server,59,1,58,0.0169,1,58,0.0169,1.0,59,0,1.0,59.0,0,59,0.0,0.0
1289,hiv,109,4,105,0.0367,3,106,0.0275,0.75,109,0,1.0,36.3333,0,109,0.0,0.0
1290,pic50,19,3,16,0.1579,3,16,0.1579,1.0,19,0,1.0,6.3333,1,18,0.0526,0.3333
1291,adme,128,10,118,0.0781,9,119,0.0703,0.9,128,0,1.0,14.2222,8,120,0.0625,0.8889
1292,comparable,7,1,6,0.1429,1,6,0.1429,1.0,7,0,1.0,7.0,0,7,0.0,0.0
1293,biotech,6,1,5,0.1667,1,5,0.1667,1.0,6,0,1.0,6.0,0,6,0.0,0.0
1294,york,6,1,5,0.1667,1,5,0.1667,1.0,6,0,1.0,6.0,0,6,0.0,0.0
1295,criteria,31,3,28,0.0968,3,28,0.0968,1.0,31,0,1.0,10.3333,0,31,0.0,0.0
1296,cbbio,5,1,4,0.2,1,4,0.2,1.0,5,0,1.0,5.0,0,5,0.0,0.0
1297,cis,126,19,107,0.1508,19,107,0.1508,1.0,126,0,1.0,6.6316,7,119,0.0556,0.3684
1298,67ghi,5,1,4,0.2,1,4,0.2,1.0,5,0,1.0,5.0,0,5,0.0,0.0
1299,input,101,10,91,0.099,10,91,0.099,1.0,101,0,1.0,10.1,7,94,0.0693,0.7
1300,excel,78,4,74,0.0513,4,74,0.0513,1.0,78,0,1.0,19.5,0,78,0.0,0.0
1301,t26,10,0,10,0.0,0,10,0.0,0.0,10,0,1.0,0.0,0,10,0.0,0.0
1302,drug-design,1,0,1,0.0,0,1,0.0,0.0,1,0,1.0,0.0,0,1,0.0,0.0
1303,kinase,26,1,25,0.0385,1,25,0.0385,1.0,26,0,1.0,26.0,1,25,0.0385,1.0
1304,academic,2,0,2,0.0,0,2,0.0,0.0,2,0,1.0,0.0,0,2,0.0,0.0
1305,setting,33,2,31,0.0606,1,32,0.0303,0.5,33,0,1.0,33.0,1,32,0.0303,1.0
1306,targetting,14,5,9,0.3571,3,11,0.2143,0.6,14,0,1.0,4.6667,1,13,0.0714,0.3333
1307,six-membered,37,4,33,0.1081,0,37,0.0,0.0,37,0,1.0,0.0,0,37,0.0,0.0
1308,pendant,27,1,26,0.037,0,27,0.0,0.0,27,0,1.0,0.0,0,27,0.0,0.0
1309,direction,30,1,29,0.0333,1,29,0.0333,1.0,30,0,1.0,30.0,1,29,0.0333,1.0
1310,aldimines,1,0,1,0.0,0,1,0.0,0.0,1,0,1.0,0.0,0,1,0.0,0.0
1311,pyridoxal,1,0,1,0.0,0,1,0.0,0.0,1,0,1.0,0.0,0,1,0.0,0.0
1312,generate,671,94,577,0.1401,88,583,0.1311,0.9362,671,0,1.0,7.625,31,640,0.0462,0.3523
1313,specifically,161,66,95,0.4099,66,95,0.4099,1.0,161,0,1.0,2.4394,17,144,0.1056,0.2576
1314,aldamine,1,0,1,0.0,0,1,0.0,0.0,1,0,1.0,0.0,0,1,0.0,0.0
1315,transfer,71,15,56,0.2113,5,66,0.0704,0.3333,71,0,1.0,14.2,2,69,0.0282,0.4
1316,mpro-x0072,3,0,3,0.0,0,3,0.0,0.0,3,0,1.0,0.0,0,3,0.0,0.0
1317,phosphate,21,0,21,0.0,0,21,0.0,0.0,21,0,1.0,0.0,0,21,0.0,0.0
1318,carboxylate,1,0,1,0.0,0,1,0.0,0.0,1,0,1.0,0.0,0,1,0.0,0.0
1319,plp,138,0,138,0.0,0,138,0.0,0.0,138,0,1.0,0.0,0,138,0.0,0.0
1320,deazaplp,1,0,1,0.0,0,1,0.0,0.0,1,0,1.0,0.0,0,1,0.0,0.0
1321,t25,17,0,17,0.0,0,17,0.0,0.0,17,0,1.0,0.0,0,17,0.0,0.0
1322,q189,43,5,38,0.1163,2,41,0.0465,0.4,43,0,1.0,21.5,0,43,0.0,0.0
1323,taking,81,3,78,0.037,1,80,0.0123,0.3333,81,0,1.0,81.0,0,81,0.0,0.0
1324,friedman,4,1,3,0.25,0,4,0.0,0.0,4,0,1.0,0.0,0,4,0.0,0.0
1325,gordon,4,1,3,0.25,0,4,0.0,0.0,4,0,1.0,0.0,0,4,0.0,0.0
1326,enalapril,4,1,3,0.25,0,4,0.0,0.0,4,0,1.0,0.0,0,4,0.0,0.0
1327,ace,4278,536,3742,0.1253,376,3902,0.0879,0.7015,4278,0,1.0,11.3777,251,4027,0.0587,0.6676
1328,studied,4,1,3,0.25,0,4,0.0,0.0,4,0,1.0,0.0,0,4,0.0,0.0
1329,cure,5,1,4,0.2,0,5,0.0,0.0,5,0,1.0,0.0,0,5,0.0,0.0
1330,fosinopril,4,1,3,0.25,0,4,0.0,0.0,4,0,1.0,0.0,0,4,0.0,0.0
1331,4aph,4,1,3,0.25,0,4,0.0,0.0,4,0,1.0,0.0,0,4,0.0,0.0
1332,6lzg,4,1,3,0.25,0,4,0.0,0.0,4,0,1.0,0.0,0,4,0.0,0.0
1333,3kbh,4,1,3,0.25,0,4,0.0,0.0,4,0,1.0,0.0,0,4,0.0,0.0
1334,monster,11,0,11,0.0,0,11,0.0,0.0,11,0,1.0,0.0,0,11,0.0,0.0
1335,xchem,269,23,246,0.0855,20,249,0.0743,0.8696,269,0,1.0,13.45,13,256,0.0483,0.65
1336,physchem,101,2,99,0.0198,0,101,0.0,0.0,101,0,1.0,0.0,0,101,0.0,0.0
1337,subset,228,7,221,0.0307,4,224,0.0175,0.5714,228,0,1.0,57.0,1,227,0.0044,0.25
1338,favorite,29,0,29,0.0,0,29,0.0,0.0,29,0,1.0,0.0,0,29,0.0,0.0
1339,redocking,29,0,29,0.0,0,29,0.0,0.0,29,0,1.0,0.0,0,29,0.0,0.0
1340,-17,61,28,33,0.459,23,38,0.377,0.8214,61,0,1.0,2.6522,21,40,0.3443,0.913
1341,discreet,12,1,11,0.0833,0,12,0.0,0.0,12,0,1.0,0.0,0,12,0.0,0.0
1342,closeley,12,1,11,0.0833,0,12,0.0,0.0,12,0,1.0,0.0,0,12,0.0,0.0
1343,giving,40,5,35,0.125,3,37,0.075,0.6,40,0,1.0,13.3333,2,38,0.05,0.6667
1344,location,79,1,78,0.0127,0,79,0.0,0.0,79,0,1.0,0.0,0,79,0.0,0.0
1345,comtain,12,1,11,0.0833,0,12,0.0,0.0,12,0,1.0,0.0,0,12,0.0,0.0
1346,specifed,12,1,11,0.0833,0,12,0.0,0.0,12,0,1.0,0.0,0,12,0.0,0.0
1347,syntheszing,12,1,11,0.0833,0,12,0.0,0.0,12,0,1.0,0.0,0,12,0.0,0.0
1348,seemingly,2,0,2,0.0,0,2,0.0,0.0,2,0,1.0,0.0,0,2,0.0,0.0
1349,tempting,55,13,42,0.2364,13,42,0.2364,1.0,55,0,1.0,4.2308,12,43,0.2182,0.9231
1350,hypothesise,1,0,1,0.0,0,1,0.0,0.0,1,0,1.0,0.0,0,1,0.0,0.0
1351,disulphide,2,0,2,0.0,0,2,0.0,0.0,2,0,1.0,0.0,0,2,0.0,0.0
1352,unimaginative,1,0,1,0.0,0,1,0.0,0.0,1,0,1.0,0.0,0,1,0.0,0.0
1353,another,201,13,188,0.0647,8,193,0.0398,0.6154,201,0,1.0,25.125,7,194,0.0348,0.875
1354,something,43,0,43,0.0,0,43,0.0,0.0,43,0,1.0,0.0,0,43,0.0,0.0
1355,plus,105,12,93,0.1143,11,94,0.1048,0.9167,105,0,1.0,9.5455,7,98,0.0667,0.6364
1356,collection,1807,23,1784,0.0127,20,1787,0.0111,0.8696,1807,0,1.0,90.35,12,1795,0.0066,0.6
1357,parasitic,3,0,3,0.0,0,3,0.0,0.0,3,0,1.0,0.0,0,3,0.0,0.0
1358,toxicology,6,0,6,0.0,0,6,0.0,0.0,6,0,1.0,0.0,0,6,0.0,0.0
1359,patogen,2,0,2,0.0,0,2,0.0,0.0,2,0,1.0,0.0,0,2,0.0,0.0
1360,parasites,2,0,2,0.0,0,2,0.0,0.0,2,0,1.0,0.0,0,2,0.0,0.0
1361,recommend,249,6,243,0.0241,4,245,0.0161,0.6667,249,0,1.0,62.25,4,245,0.0161,1.0
1362,spamming,20,0,20,0.0,0,20,0.0,0.0,20,0,1.0,0.0,0,20,0.0,0.0
1363,unformatted,20,0,20,0.0,0,20,0.0,0.0,20,0,1.0,0.0,0,20,0.0,0.0
1364,text,34,3,31,0.0882,3,31,0.0882,1.0,34,0,1.0,11.3333,3,31,0.0882,1.0
1365,3-aryl-pyrazolopyridines,48,6,42,0.125,6,42,0.125,1.0,48,0,1.0,8.0,1,47,0.0208,0.1667
1366,naphthalen-2-yl,48,6,42,0.125,6,42,0.125,1.0,48,0,1.0,8.0,1,47,0.0208,0.1667
1367,-n-,48,6,42,0.125,6,42,0.125,1.0,48,0,1.0,8.0,1,47,0.0208,0.1667
1368,pyridin-2-yl,48,6,42,0.125,6,42,0.125,1.0,48,0,1.0,8.0,1,47,0.0208,0.1667
1369,selective,219,15,204,0.0685,12,207,0.0548,0.8,219,0,1.0,18.25,1,218,0.0046,0.0833
1370,bacteria,115,8,107,0.0696,8,107,0.0696,1.0,115,0,1.0,14.375,3,112,0.0261,0.375
1371,modified,316,20,296,0.0633,20,296,0.0633,1.0,316,0,1.0,15.8,13,303,0.0411,0.65
1372,clemizole,1,0,1,0.0,0,1,0.0,0.0,1,0,1.0,0.0,0,1,0.0,0.0
1373,rna,591,160,431,0.2707,140,451,0.2369,0.875,591,0,1.0,4.2214,29,562,0.0491,0.2071
1374,refrence,1,0,1,0.0,0,1,0.0,0.0,1,0,1.0,0.0,0,1,0.0,0.0
1375,2q6g,4,0,4,0.0,0,4,0.0,0.0,4,0,1.0,0.0,0,4,0.0,0.0
1376,leu5,4,0,4,0.0,0,4,0.0,0.0,4,0,1.0,0.0,0,4,0.0,0.0
1377,leu5-occupied,3,0,3,0.0,0,3,0.0,0.0,3,0,1.0,0.0,0,3,0.0,0.0
1378,dock,5959,326,5633,0.0547,235,5724,0.0394,0.7209,5959,0,1.0,25.3574,109,5850,0.0183,0.4638
1379,terpinen-4-ol,2,0,2,0.0,0,2,0.0,0.0,2,0,1.0,0.0,0,2,0.0,0.0
1380,5b6o,2,0,2,0.0,0,2,0.0,0.0,2,0,1.0,0.0,0,2,0.0,0.0
1381,symmetry,12,5,7,0.4167,5,7,0.4167,1.0,12,0,1.0,2.4,5,7,0.4167,1.0
1382,mate,815,118,697,0.1448,86,729,0.1055,0.7288,815,0,1.0,9.4767,60,755,0.0736,0.6977
1383,sars-cov,657,62,595,0.0944,54,603,0.0822,0.871,657,0,1.0,12.1667,33,624,0.0502,0.6111
1384,anything,87,57,30,0.6552,54,33,0.6207,0.9474,87,0,1.0,1.6111,1,86,0.0115,0.0185
1385,clc1c,17,0,17,0.0,0,17,0.0,0.0,17,0,1.0,0.0,0,17,0.0,0.0
1386,ben-van,17,0,17,0.0,0,17,0.0,0.0,17,0,1.0,0.0,0,17,0.0,0.0
1387,analyzed,91,10,81,0.1099,10,81,0.1099,1.0,91,0,1.0,9.1,1,90,0.011,0.1
1388,specific,311,74,237,0.2379,73,238,0.2347,0.9865,311,0,1.0,4.2603,22,289,0.0707,0.3014
1389,amber18,17,0,17,0.0,0,17,0.0,0.0,17,0,1.0,0.0,0,17,0.0,0.0
1390,ff14sb,20,0,20,0.0,0,20,0.0,0.0,20,0,1.0,0.0,0,20,0.0,0.0
1391,gaff2,20,0,20,0.0,0,20,0.0,0.0,20,0,1.0,0.0,0,20,0.0,0.0
1392,forcefields,20,0,20,0.0,0,20,0.0,0.0,20,0,1.0,0.0,0,20,0.0,0.0
1393,tip3p,20,0,20,0.0,0,20,0.0,0.0,20,0,1.0,0.0,0,20,0.0,0.0
1394,hmassrepart,17,0,17,0.0,0,17,0.0,0.0,17,0,1.0,0.0,0,17,0.0,0.0
1395,timestep,20,0,20,0.0,0,20,0.0,0.0,20,0,1.0,0.0,0,20,0.0,0.0
1396,completed,634,2,632,0.0032,0,634,0.0,0.0,634,0,1.0,0.0,0,634,0.0,0.0
1397,triplicated,17,0,17,0.0,0,17,0.0,0.0,17,0,1.0,0.0,0,17,0.0,0.0
1398,mm-pbsa,17,0,17,0.0,0,17,0.0,0.0,17,0,1.0,0.0,0,17,0.0,0.0
1399,entropy,41,12,29,0.2927,12,29,0.2927,1.0,41,0,1.0,3.4167,4,37,0.0976,0.3333
1400,gpu-ti,17,0,17,0.0,0,17,0.0,0.0,17,0,1.0,0.0,0,17,0.0,0.0
1401,numerically,17,0,17,0.0,0,17,0.0,0.0,17,0,1.0,0.0,0,17,0.0,0.0
1402,integrated,17,0,17,0.0,0,17,0.0,0.0,17,0,1.0,0.0,0,17,0.0,0.0
1403,12-point,17,0,17,0.0,0,17,0.0,0.0,17,0,1.0,0.0,0,17,0.0,0.0
1404,quadrature,17,0,17,0.0,0,17,0.0,0.0,17,0,1.0,0.0,0,17,0.0,0.0
1405,frag,6836,854,5982,0.1249,696,6140,0.1018,0.815,6836,0,1.0,9.8218,248,6588,0.0363,0.3563
1406,cruzipain,1,0,1,0.0,0,1,0.0,0.0,1,0,1.0,0.0,0,1,0.0,0.0
1407,302-306,7,0,7,0.0,0,7,0.0,0.0,7,0,1.0,0.0,0,7,0.0,0.0
1408,apo,45,6,39,0.1333,3,42,0.0667,0.5,45,0,1.0,15.0,2,43,0.0444,0.6667
1409,dmso,13,3,10,0.2308,0,13,0.0,0.0,13,0,1.0,0.0,0,13,0.0,0.0
1410,movement,13,1,12,0.0769,1,12,0.0769,1.0,13,0,1.0,13.0,1,12,0.0769,1.0
1411,c-terminal,7,0,7,0.0,0,7,0.0,0.0,7,0,1.0,0.0,0,7,0.0,0.0
1412,301-306,7,0,7,0.0,0,7,0.0,0.0,7,0,1.0,0.0,0,7,0.0,0.0
1413,affect,40,6,34,0.15,3,37,0.075,0.5,40,0,1.0,13.3333,3,37,0.075,1.0
1414,grown,40,0,40,0.0,0,40,0.0,0.0,40,0,1.0,0.0,0,40,0.0,0.0
1415,phe305,7,0,7,0.0,0,7,0.0,0.0,7,0,1.0,0.0,0,7,0.0,0.0
1416,lend,9,0,9,0.0,0,9,0.0,0.0,9,0,1.0,0.0,0,9,0.0,0.0
1417,itself,21,2,19,0.0952,2,19,0.0952,1.0,21,0,1.0,10.5,0,21,0.0,0.0
1418,relevance,38,0,38,0.0,0,38,0.0,0.0,38,0,1.0,0.0,0,38,0.0,0.0
1419,graft,12,0,12,0.0,0,12,0.0,0.0,12,0,1.0,0.0,0,12,0.0,0.0
1420,across,42,0,42,0.0,0,42,0.0,0.0,42,0,1.0,0.0,0,42,0.0,0.0
1421,tried,48,0,48,0.0,0,48,0.0,0.0,48,0,1.0,0.0,0,48,0.0,0.0
1422,organic,71,0,71,0.0,0,71,0.0,0.0,71,0,1.0,0.0,0,71,0.0,0.0
1423,real-world,1,0,1,0.0,0,1,0.0,0.0,1,0,1.0,0.0,0,1,0.0,0.0
1424,fragment-based,12,8,4,0.6667,7,5,0.5833,0.875,12,0,1.0,1.7143,1,11,0.0833,0.1429
1425,apologies,19,0,19,0.0,0,19,0.0,0.0,19,0,1.0,0.0,0,19,0.0,0.0
1426,duplicated,1,0,1,0.0,0,1,0.0,0.0,1,0,1.0,0.0,0,1,0.0,0.0
1427,nh2,54,18,36,0.3333,4,50,0.0741,0.2222,54,0,1.0,13.5,1,53,0.0185,0.25
1428,400da,1,0,1,0.0,0,1,0.0,0.0,1,0,1.0,0.0,0,1,0.0,0.0
1429,hand-selected,66,10,56,0.1515,10,56,0.1515,1.0,66,0,1.0,6.6,1,65,0.0152,0.1
1430,viral,469,17,452,0.0362,15,454,0.032,0.8824,469,0,1.0,31.2667,2,467,0.0043,0.1333
1431,chembl,275,30,245,0.1091,24,251,0.0873,0.8,275,0,1.0,11.4583,6,269,0.0218,0.25
1432,extract,67,10,57,0.1493,10,57,0.1493,1.0,67,0,1.0,6.7,1,66,0.0149,0.1
1433,reverie,66,10,56,0.1515,10,56,0.1515,1.0,66,0,1.0,6.6,1,65,0.0152,0.1
1434,in-house,87,10,77,0.1149,10,77,0.1149,1.0,87,0,1.0,8.7,1,86,0.0115,0.1
1435,acetamide,1345,102,1243,0.0758,78,1267,0.058,0.7647,1345,0,1.0,17.2436,52,1293,0.0387,0.6667
1436,variety,66,10,56,0.1515,10,56,0.1515,1.0,66,0,1.0,6.6,1,65,0.0152,0.1
1437,synthetically-accessible,66,10,56,0.1515,10,56,0.1515,1.0,66,0,1.0,6.6,1,65,0.0152,0.1
1438,smarts,66,10,56,0.1515,10,56,0.1515,1.0,66,0,1.0,6.6,1,65,0.0152,0.1
1439,cutoff,67,10,57,0.1493,10,57,0.1493,1.0,67,0,1.0,6.7,1,66,0.0149,0.1
1440,pose-constrained,66,10,56,0.1515,10,56,0.1515,1.0,66,0,1.0,6.6,1,65,0.0152,0.1
1441,crystal-bound,66,10,56,0.1515,10,56,0.1515,1.0,66,0,1.0,6.6,1,65,0.0152,0.1
1442,ensemble,75,10,65,0.1333,10,65,0.1333,1.0,75,0,1.0,7.5,1,74,0.0133,0.1
1443,triaged,66,10,56,0.1515,10,56,0.1515,1.0,66,0,1.0,6.6,1,65,0.0152,0.1
1444,thr25,70,9,61,0.1286,9,61,0.1286,1.0,70,0,1.0,7.7778,1,69,0.0143,0.1111
1445,buried,41,10,31,0.2439,10,31,0.2439,1.0,41,0,1.0,4.1,2,39,0.0488,0.2
1446,cys44,46,11,35,0.2391,9,37,0.1957,0.8182,46,0,1.0,5.1111,1,45,0.0217,0.1111
1447,infer,68,10,58,0.1471,10,58,0.1471,1.0,68,0,1.0,6.8,1,67,0.0147,0.1
1448,oral,70,11,59,0.1571,11,59,0.1571,1.0,70,0,1.0,6.3636,2,68,0.0286,0.1818
1449,development,201,13,188,0.0647,10,191,0.0498,0.7692,201,0,1.0,20.1,1,200,0.005,0.1
1450,facilitate,71,10,61,0.1408,10,61,0.1408,1.0,71,0,1.0,7.1,1,70,0.0141,0.1
1451,rapid,110,28,82,0.2545,25,85,0.2273,0.8929,110,0,1.0,4.4,16,94,0.1455,0.64
1452,analog,1576,358,1218,0.2272,308,1268,0.1954,0.8603,1576,0,1.0,5.1169,184,1392,0.1168,0.5974
1453,contributors,66,10,56,0.1515,10,56,0.1515,1.0,66,0,1.0,6.6,1,65,0.0152,0.1
1454,gabriel,66,10,56,0.1515,10,56,0.1515,1.0,66,0,1.0,6.6,1,65,0.0152,0.1
1455,elana,66,10,56,0.1515,10,56,0.1515,1.0,66,0,1.0,6.6,1,65,0.0152,0.1
1456,simon,83,13,70,0.1566,13,70,0.1566,1.0,83,0,1.0,6.3846,3,80,0.0361,0.2308
1457,michael,122,14,108,0.1148,10,112,0.082,0.7143,122,0,1.0,12.2,1,121,0.0082,0.1
1458,bower,66,10,56,0.1515,10,56,0.1515,1.0,66,0,1.0,6.6,1,65,0.0152,0.1
1459,bruce,219,83,136,0.379,81,138,0.3699,0.9759,219,0,1.0,2.7037,14,205,0.0639,0.1728
1460,clapham,66,10,56,0.1515,10,56,0.1515,1.0,66,0,1.0,6.6,1,65,0.0152,0.1
1461,jonah,66,10,56,0.1515,10,56,0.1515,1.0,66,0,1.0,6.6,1,65,0.0152,0.1
1462,kallenbach,66,10,56,0.1515,10,56,0.1515,1.0,66,0,1.0,6.6,1,65,0.0152,0.1
1463,pentapeptide,3,0,3,0.0,0,3,0.0,0.0,3,0,1.0,0.0,0,3,0.0,0.0
1464,linkage,34,0,34,0.0,0,34,0.0,0.0,34,0,1.0,0.0,0,34,0.0,0.0
1465,noncovalent,42,5,37,0.119,2,40,0.0476,0.4,42,0,1.0,21.0,0,42,0.0,0.0
1466,respective,101,3,98,0.0297,2,99,0.0198,0.6667,101,0,1.0,50.5,2,99,0.0198,1.0
1467,operating,3,0,3,0.0,0,3,0.0,0.0,3,0,1.0,0.0,0,3,0.0,0.0
1468,loaded,106,3,103,0.0283,3,103,0.0283,1.0,106,0,1.0,35.3333,3,103,0.0283,1.0
1469,consensus,3,0,3,0.0,0,3,0.0,0.0,3,0,1.0,0.0,0,3,0.0,0.0
1470,tolerance,3,0,3,0.0,0,3,0.0,0.0,3,0,1.0,0.0,0,3,0.0,0.0
1471,gleaned,3,0,3,0.0,0,3,0.0,0.0,3,0,1.0,0.0,0,3,0.0,0.0
1472,gradient,3,0,3,0.0,0,3,0.0,0.0,3,0,1.0,0.0,0,3,0.0,0.0
1473,pyridin-3-ylmethyl,8,0,8,0.0,0,8,0.0,0.0,8,0,1.0,0.0,0,8,0.0,0.0
1474,posses,8,0,8,0.0,0,8,0.0,0.0,8,0,1.0,0.0,0,8,0.0,0.0
1475,cyclopropylurea,8,0,8,0.0,0,8,0.0,0.0,8,0,1.0,0.0,0,8,0.0,0.0
1476,complements,8,0,8,0.0,0,8,0.0,0.0,8,0,1.0,0.0,0,8,0.0,0.0
1477,recent,90,13,77,0.1444,10,80,0.1111,0.7692,90,0,1.0,9.0,2,88,0.0222,0.2
1478,687-million,2,1,1,0.5,0,2,0.0,0.0,2,0,1.0,0.0,0,2,0.0,0.0
1479,fischer,2,1,1,0.5,0,2,0.0,0.0,2,0,1.0,0.0,0,2,0.0,0.0
1480,chemrxiv,48,1,47,0.0208,0,48,0.0,0.0,48,0,1.0,0.0,0,48,0.0,0.0
1481,affinities,8,1,7,0.125,0,8,0.0,0.0,8,0,1.0,0.0,0,8,0.0,0.0
1482,manuscript,17,1,16,0.0588,0,17,0.0,0.0,17,0,1.0,0.0,0,17,0.0,0.0
1483,consideration,56,14,42,0.25,13,43,0.2321,0.9286,56,0,1.0,4.3077,5,51,0.0893,0.3846
1484,cp-5,2,1,1,0.5,0,2,0.0,0.0,2,0,1.0,0.0,0,2,0.0,0.0
1485,cp-7,2,1,1,0.5,0,2,0.0,0.0,2,0,1.0,0.0,0,2,0.0,0.0
1486,performers,2,1,1,0.5,0,2,0.0,0.0,2,0,1.0,0.0,0,2,0.0,0.0
1487,choosing,8,1,7,0.125,0,8,0.0,0.0,8,0,1.0,0.0,0,8,0.0,0.0
1488,arbitrary,21,2,19,0.0952,1,20,0.0476,0.5,21,0,1.0,21.0,0,21,0.0,0.0
1489,three-dimensional,17,9,8,0.5294,4,13,0.2353,0.4444,17,0,1.0,4.25,0,17,0.0,0.0
1490,energy-minimised,17,9,8,0.5294,4,13,0.2353,0.4444,17,0,1.0,4.25,0,17,0.0,0.0
1491,smina,23,9,14,0.3913,4,19,0.1739,0.4444,23,0,1.0,5.75,0,23,0.0,0.0
1492,vina-derived,17,9,8,0.5294,4,13,0.2353,0.4444,17,0,1.0,4.25,0,17,0.0,0.0
1493,vinardo,17,9,8,0.5294,4,13,0.2353,0.4444,17,0,1.0,4.25,0,17,0.0,0.0
1494,descending,17,9,8,0.5294,4,13,0.2353,0.4444,17,0,1.0,4.25,0,17,0.0,0.0
1495,ccbr,17,9,8,0.5294,4,13,0.2353,0.4444,17,0,1.0,4.25,0,17,0.0,0.0
1496,ch2-aryl,7,3,4,0.4286,2,5,0.2857,0.6667,7,0,1.0,3.5,0,7,0.0,0.0
1497,suspect,21,5,16,0.2381,4,17,0.1905,0.8,21,0,1.0,5.25,2,19,0.0952,0.5
1498,specificity,53,8,45,0.1509,7,46,0.1321,0.875,53,0,1.0,7.5714,5,48,0.0943,0.7143
1499,evaluate,150,13,137,0.0867,12,138,0.08,0.9231,150,0,1.0,12.5,4,146,0.0267,0.3333
1500,attachment-,10,0,10,0.0,0,10,0.0,0.0,10,0,1.0,0.0,0,10,0.0,0.0
1501,fluorine-sulfur,10,0,10,0.0,0,10,0.0,0.0,10,0,1.0,0.0,0,10,0.0,0.0
1502,multipolar,10,0,10,0.0,0,10,0.0,0.0,10,0,1.0,0.0,0,10,0.0,0.0
1503,mutant,12,0,12,0.0,0,12,0.0,0.0,12,0,1.0,0.0,0,12,0.0,0.0
1504,y220c,19,0,19,0.0,0,19,0.0,0.0,19,0,1.0,0.0,0,19,0.0,0.0
1505,rescue,10,0,10,0.0,0,10,0.0,0.0,10,0,1.0,0.0,0,10,0.0,0.0
1506,bauer,10,0,10,0.0,0,10,0.0,0.0,10,0,1.0,0.0,0,10,0.0,0.0
1507,jones,10,0,10,0.0,0,10,0.0,0.0,10,0,1.0,0.0,0,10,0.0,0.0
1508,baud,10,0,10,0.0,0,10,0.0,0.0,10,0,1.0,0.0,0,10,0.0,0.0
1509,wilcken,22,3,19,0.1364,1,21,0.0455,0.3333,22,0,1.0,22.0,0,22,0.0,0.0
1510,boeckler,10,0,10,0.0,0,10,0.0,0.0,10,0,1.0,0.0,0,10,0.0,0.0
1511,fersht,10,0,10,0.0,0,10,0.0,0.0,10,0,1.0,0.0,0,10,0.0,0.0
1512,joerger,10,0,10,0.0,0,10,0.0,0.0,10,0,1.0,0.0,0,10,0.0,0.0
1513,spencer,20,0,20,0.0,0,20,0.0,0.0,20,0,1.0,0.0,0,20,0.0,0.0
1514,acs,168,13,155,0.0774,11,157,0.0655,0.8462,168,0,1.0,15.2727,11,157,0.0655,1.0
1515,biol,212,4,208,0.0189,4,208,0.0189,1.0,212,0,1.0,53.0,2,210,0.0094,0.5
1516,analysing,10,8,2,0.8,7,3,0.7,0.875,10,0,1.0,1.4286,1,9,0.1,0.1429
1517,benzenesulfonamide,1,0,1,0.0,0,1,0.0,0.0,1,0,1.0,0.0,0,1,0.0,0.0
1518,immediately,18,15,3,0.8333,15,3,0.8333,1.0,18,0,1.0,1.2,15,3,0.8333,1.0
1519,hydrochlorothiazide,1,0,1,0.0,0,1,0.0,0.0,1,0,1.0,0.0,0,1,0.0,0.0
1520,fulfil,4,0,4,0.0,0,4,0.0,0.0,4,0,1.0,0.0,0,4,0.0,0.0
1521,benzensulfonamide,1,0,1,0.0,0,1,0.0,0.0,1,0,1.0,0.0,0,1,0.0,0.0
1522,so-localizes,1,0,1,0.0,0,1,0.0,0.0,1,0,1.0,0.0,0,1,0.0,0.0
1523,cocrystalize,1,0,1,0.0,0,1,0.0,0.0,1,0,1.0,0.0,0,1,0.0,0.0
1524,alone,22,3,19,0.1364,2,20,0.0909,0.6667,22,0,1.0,11.0,2,20,0.0909,1.0
1525,repurposing,40,1,39,0.025,1,39,0.025,1.0,40,0,1.0,40.0,0,40,0.0,0.0
1526,sketched,1,0,1,0.0,0,1,0.0,0.0,1,0,1.0,0.0,0,1,0.0,0.0
1527,ideal,34,6,28,0.1765,6,28,0.1765,1.0,34,0,1.0,5.6667,6,28,0.1765,1.0
1528,derivatize,1,0,1,0.0,0,1,0.0,0.0,1,0,1.0,0.0,0,1,0.0,0.0
1529,cross-react,1,0,1,0.0,0,1,0.0,0.0,1,0,1.0,0.0,0,1,0.0,0.0
1530,initiative,49,47,2,0.9592,47,2,0.9592,1.0,49,0,1.0,1.0426,6,43,0.1224,0.1277
1531,topology,2,0,2,0.0,0,2,0.0,0.0,2,0,1.0,0.0,0,2,0.0,0.0
1532,targetted,3,0,3,0.0,0,3,0.0,0.0,3,0,1.0,0.0,0,3,0.0,0.0
1533,screen,1998,304,1694,0.1522,284,1714,0.1421,0.9342,1998,0,1.0,7.0352,166,1832,0.0831,0.5845
1534,docs,170,123,47,0.7235,94,76,0.5529,0.7642,170,0,1.0,1.8085,14,156,0.0824,0.1489
1535,document,132,84,48,0.6364,79,53,0.5985,0.9405,132,0,1.0,1.6709,3,129,0.0227,0.038
1536,1iziscpionvexnfxqcvpkpfo3_xu_xxr5bqfij_jtwbe,128,84,44,0.6562,79,49,0.6172,0.9405,128,0,1.0,1.6203,3,125,0.0234,0.038
1537,folder,159,84,75,0.5283,79,80,0.4969,0.9405,159,0,1.0,2.0127,3,156,0.0189,0.038
1538,pv-002404434570,68,57,11,0.8382,54,14,0.7941,0.9474,68,0,1.0,1.2593,1,67,0.0147,0.0185
1539,pv-002459258314,68,57,11,0.8382,54,14,0.7941,0.9474,68,0,1.0,1.2593,1,67,0.0147,0.0185
1540,z1644866655,68,57,11,0.8382,54,14,0.7941,0.9474,68,0,1.0,1.2593,1,67,0.0147,0.0185
1541,pv-002382989128,68,57,11,0.8382,54,14,0.7941,0.9474,68,0,1.0,1.2593,1,67,0.0147,0.0185
1542,z1518784792,68,57,11,0.8382,54,14,0.7941,0.9474,68,0,1.0,1.2593,1,67,0.0147,0.0185
1543,pv-002238895725,68,57,11,0.8382,54,14,0.7941,0.9474,68,0,1.0,1.2593,1,67,0.0147,0.0185
1544,pv-002109403469,68,57,11,0.8382,54,14,0.7941,0.9474,68,0,1.0,1.2593,1,67,0.0147,0.0185
1545,z3089609880,68,57,11,0.8382,54,14,0.7941,0.9474,68,0,1.0,1.2593,1,67,0.0147,0.0185
1546,z1374382617,68,57,11,0.8382,54,14,0.7941,0.9474,68,0,1.0,1.2593,1,67,0.0147,0.0185
1547,z1232257154,68,57,11,0.8382,54,14,0.7941,0.9474,68,0,1.0,1.2593,1,67,0.0147,0.0185
1548,z2172190193,68,57,11,0.8382,54,14,0.7941,0.9474,68,0,1.0,1.2593,1,67,0.0147,0.0185
1549,z3052559442,68,57,11,0.8382,54,14,0.7941,0.9474,68,0,1.0,1.2593,1,67,0.0147,0.0185
1550,pv-001808920825,68,57,11,0.8382,54,14,0.7941,0.9474,68,0,1.0,1.2593,1,67,0.0147,0.0185
1551,z2143174968,68,57,11,0.8382,54,14,0.7941,0.9474,68,0,1.0,1.2593,1,67,0.0147,0.0185
1552,pv-002412555578,68,57,11,0.8382,54,14,0.7941,0.9474,68,0,1.0,1.2593,1,67,0.0147,0.0185
1553,z1984028314,68,57,11,0.8382,54,14,0.7941,0.9474,68,0,1.0,1.2593,1,67,0.0147,0.0185
1554,z2311005603,68,57,11,0.8382,54,14,0.7941,0.9474,68,0,1.0,1.2593,1,67,0.0147,0.0185
1555,pv-001481037714,68,57,11,0.8382,54,14,0.7941,0.9474,68,0,1.0,1.2593,1,67,0.0147,0.0185
1556,z1613960994,68,57,11,0.8382,54,14,0.7941,0.9474,68,0,1.0,1.2593,1,67,0.0147,0.0185
1557,z2915108704,68,57,11,0.8382,54,14,0.7941,0.9474,68,0,1.0,1.2593,1,67,0.0147,0.0185
1558,z2599591955,68,57,11,0.8382,54,14,0.7941,0.9474,68,0,1.0,1.2593,1,67,0.0147,0.0185
1559,z2229098908,68,57,11,0.8382,54,14,0.7941,0.9474,68,0,1.0,1.2593,1,67,0.0147,0.0185
1560,z2190256476,68,57,11,0.8382,54,14,0.7941,0.9474,68,0,1.0,1.2593,1,67,0.0147,0.0185
1561,z1549127951,68,57,11,0.8382,54,14,0.7941,0.9474,68,0,1.0,1.2593,1,67,0.0147,0.0185
1562,pv-001480409345,68,57,11,0.8382,54,14,0.7941,0.9474,68,0,1.0,1.2593,1,67,0.0147,0.0185
1563,pv-001857713429,68,57,11,0.8382,54,14,0.7941,0.9474,68,0,1.0,1.2593,1,67,0.0147,0.0185
1564,z3140017128,68,57,11,0.8382,54,14,0.7941,0.9474,68,0,1.0,1.2593,1,67,0.0147,0.0185
1565,z2860362360,68,57,11,0.8382,54,14,0.7941,0.9474,68,0,1.0,1.2593,1,67,0.0147,0.0185
1566,z1884524160,68,57,11,0.8382,54,14,0.7941,0.9474,68,0,1.0,1.2593,1,67,0.0147,0.0185
1567,z2771389038,68,57,11,0.8382,54,14,0.7941,0.9474,68,0,1.0,1.2593,1,67,0.0147,0.0185
1568,z1190447759,68,57,11,0.8382,54,14,0.7941,0.9474,68,0,1.0,1.2593,1,67,0.0147,0.0185
1569,pv-002457915896,68,57,11,0.8382,54,14,0.7941,0.9474,68,0,1.0,1.2593,1,67,0.0147,0.0185
1570,z2719990570,68,57,11,0.8382,54,14,0.7941,0.9474,68,0,1.0,1.2593,1,67,0.0147,0.0185
1571,z2305221270,68,57,11,0.8382,54,14,0.7941,0.9474,68,0,1.0,1.2593,1,67,0.0147,0.0185
1572,z1937966465,68,57,11,0.8382,54,14,0.7941,0.9474,68,0,1.0,1.2593,1,67,0.0147,0.0185
1573,z2079085604,68,57,11,0.8382,54,14,0.7941,0.9474,68,0,1.0,1.2593,1,67,0.0147,0.0185
1574,z2629852456,68,57,11,0.8382,54,14,0.7941,0.9474,68,0,1.0,1.2593,1,67,0.0147,0.0185
1575,pv-002162835997,68,57,11,0.8382,54,14,0.7941,0.9474,68,0,1.0,1.2593,1,67,0.0147,0.0185
1576,pv-002121778426,68,57,11,0.8382,54,14,0.7941,0.9474,68,0,1.0,1.2593,1,67,0.0147,0.0185
1577,pv-001847865278,68,57,11,0.8382,54,14,0.7941,0.9474,68,0,1.0,1.2593,1,67,0.0147,0.0185
1578,z1673773262,68,57,11,0.8382,54,14,0.7941,0.9474,68,0,1.0,1.2593,1,67,0.0147,0.0185
1579,z1935637461,68,57,11,0.8382,54,14,0.7941,0.9474,68,0,1.0,1.2593,1,67,0.0147,0.0185
1580,z433322264,68,57,11,0.8382,54,14,0.7941,0.9474,68,0,1.0,1.2593,1,67,0.0147,0.0185
1581,z296475158,68,57,11,0.8382,54,14,0.7941,0.9474,68,0,1.0,1.2593,1,67,0.0147,0.0185
1582,pv-001960510925,68,57,11,0.8382,54,14,0.7941,0.9474,68,0,1.0,1.2593,1,67,0.0147,0.0185
1583,z1647177193,68,57,11,0.8382,54,14,0.7941,0.9474,68,0,1.0,1.2593,1,67,0.0147,0.0185
1584,pv-001950395335,68,57,11,0.8382,54,14,0.7941,0.9474,68,0,1.0,1.2593,1,67,0.0147,0.0185
1585,pv-002530906640,68,57,11,0.8382,54,14,0.7941,0.9474,68,0,1.0,1.2593,1,67,0.0147,0.0185
1586,z2312116536,68,57,11,0.8382,54,14,0.7941,0.9474,68,0,1.0,1.2593,1,67,0.0147,0.0185
1587,z3092563476,68,57,11,0.8382,54,14,0.7941,0.9474,68,0,1.0,1.2593,1,67,0.0147,0.0185
1588,z2167681427,68,57,11,0.8382,54,14,0.7941,0.9474,68,0,1.0,1.2593,1,67,0.0147,0.0185
1589,z2911721571,68,57,11,0.8382,54,14,0.7941,0.9474,68,0,1.0,1.2593,1,67,0.0147,0.0185
1590,pv-002225479888,68,57,11,0.8382,54,14,0.7941,0.9474,68,0,1.0,1.2593,1,67,0.0147,0.0185
1591,z890182422,68,57,11,0.8382,54,14,0.7941,0.9474,68,0,1.0,1.2593,1,67,0.0147,0.0185
1592,z2313212158,68,57,11,0.8382,54,14,0.7941,0.9474,68,0,1.0,1.2593,1,67,0.0147,0.0185
1593,z1549140381,68,57,11,0.8382,54,14,0.7941,0.9474,68,0,1.0,1.2593,1,67,0.0147,0.0185
1594,z1670099933,68,57,11,0.8382,54,14,0.7941,0.9474,68,0,1.0,1.2593,1,67,0.0147,0.0185
1595,pv-001481110633,68,57,11,0.8382,54,14,0.7941,0.9474,68,0,1.0,1.2593,1,67,0.0147,0.0185
1596,z1931403851,68,57,11,0.8382,54,14,0.7941,0.9474,68,0,1.0,1.2593,1,67,0.0147,0.0185
1597,z2708549355,68,57,11,0.8382,54,14,0.7941,0.9474,68,0,1.0,1.2593,1,67,0.0147,0.0185
1598,z1260022281,68,57,11,0.8382,54,14,0.7941,0.9474,68,0,1.0,1.2593,1,67,0.0147,0.0185
1599,z1243953601,68,57,11,0.8382,54,14,0.7941,0.9474,68,0,1.0,1.2593,1,67,0.0147,0.0185
1600,pv-001819549722,68,57,11,0.8382,54,14,0.7941,0.9474,68,0,1.0,1.2593,1,67,0.0147,0.0185
1601,pv-001890951694,68,57,11,0.8382,54,14,0.7941,0.9474,68,0,1.0,1.2593,1,67,0.0147,0.0185
1602,z2330806997,68,57,11,0.8382,54,14,0.7941,0.9474,68,0,1.0,1.2593,1,67,0.0147,0.0185
1603,pv-001480406703,68,57,11,0.8382,54,14,0.7941,0.9474,68,0,1.0,1.2593,1,67,0.0147,0.0185
1604,z1177593728,68,57,11,0.8382,54,14,0.7941,0.9474,68,0,1.0,1.2593,1,67,0.0147,0.0185
1605,z1693576546,68,57,11,0.8382,54,14,0.7941,0.9474,68,0,1.0,1.2593,1,67,0.0147,0.0185
1606,appropriate,152,54,98,0.3553,30,122,0.1974,0.5556,152,0,1.0,5.0667,25,127,0.1645,0.8333
1607,rigidify,8,0,8,0.0,0,8,0.0,0.0,8,0,1.0,0.0,0,8,0.0,0.0
1608,exit,130,3,127,0.0231,0,130,0.0,0.0,130,0,1.0,0.0,0,130,0.0,0.0
1609,methyloxazole,1,0,1,0.0,0,1,0.0,0.0,1,0,1.0,0.0,0,1,0.0,0.0
1610,cf3,69,17,52,0.2464,9,60,0.1304,0.5294,69,0,1.0,7.6667,7,62,0.1014,0.7778
1611,ch3,21,3,18,0.1429,0,21,0.0,0.0,21,0,1.0,0.0,0,21,0.0,0.0
1612,complicate,2,0,2,0.0,0,2,0.0,0.0,2,0,1.0,0.0,0,2,0.0,0.0
1613,address,364,23,341,0.0632,17,347,0.0467,0.7391,364,0,1.0,21.4118,16,348,0.044,0.9412
1614,mpro-x0434,19,3,16,0.1579,1,18,0.0526,0.3333,19,0,1.0,19.0,0,19,0.0,0.0
1615,motive,21,0,21,0.0,0,21,0.0,0.0,21,0,1.0,0.0,0,21,0.0,0.0
1616,limited,37,5,32,0.1351,5,32,0.1351,1.0,37,0,1.0,7.4,5,32,0.1351,1.0
1617,promote,88,0,88,0.0,0,88,0.0,0.0,88,0,1.0,0.0,0,88,0.0,0.0
1618,asn,151,13,138,0.0861,9,142,0.0596,0.6923,151,0,1.0,16.7778,6,145,0.0397,0.6667
1619,lu166,255,25,230,0.098,13,242,0.051,0.52,255,0,1.0,19.6154,8,247,0.0314,0.6154
1620,ortho,67,7,60,0.1045,6,61,0.0896,0.8571,67,0,1.0,11.1667,6,61,0.0896,1.0
1621,asn189,14,0,14,0.0,0,14,0.0,0.0,14,0,1.0,0.0,0,14,0.0,0.0
1622,carboxyl,262,5,257,0.0191,4,258,0.0153,0.8,262,0,1.0,65.5,2,260,0.0076,0.5
1623,phenylgroup,14,0,14,0.0,0,14,0.0,0.0,14,0,1.0,0.0,0,14,0.0,0.0
1624,catalog,27,21,6,0.7778,21,6,0.7778,1.0,27,0,1.0,1.2857,16,11,0.5926,0.7619
1625,benefit,46,8,38,0.1739,8,38,0.1739,1.0,46,0,1.0,5.75,2,44,0.0435,0.25
1626,treatment,80,8,72,0.1,8,72,0.1,1.0,80,0,1.0,10.0,0,80,0.0,0.0
1627,beyond,10,5,5,0.5,5,5,0.5,1.0,10,0,1.0,2.0,0,10,0.0,0.0
1628,standard,30,7,23,0.2333,5,25,0.1667,0.7143,30,0,1.0,6.0,0,30,0.0,0.0
1629,nejmoa2001282,9,5,4,0.5556,5,4,0.5556,1.0,9,0,1.0,1.8,0,9,0.0,0.0
1630,reportedly,9,5,4,0.5556,5,4,0.5556,1.0,9,0,1.0,1.8,0,9,0.0,0.0
1631,mid-micromolar,9,5,4,0.5556,5,4,0.5556,1.0,9,0,1.0,1.8,0,9,0.0,0.0
1632,microm,56,21,35,0.375,20,36,0.3571,0.9524,56,0,1.0,2.8,14,42,0.25,0.7
1633,f1000research,9,5,4,0.5556,5,4,0.5556,1.0,9,0,1.0,1.8,0,9,0.0,0.0
1634,pnas,13,5,8,0.3846,5,8,0.3846,1.0,13,0,1.0,2.6,0,13,0.0,0.0
1635,2019-ncov,9,5,4,0.5556,5,4,0.5556,1.0,9,0,1.0,1.8,0,9,0.0,0.0
1636,clarify,9,5,4,0.5556,5,4,0.5556,1.0,9,0,1.0,1.8,0,9,0.0,0.0
1637,soaking,9,5,4,0.5556,5,4,0.5556,1.0,9,0,1.0,1.8,0,9,0.0,0.0
1638,procedure,160,68,92,0.425,42,118,0.2625,0.6176,160,0,1.0,3.8095,12,148,0.075,0.2857
1639,knime,9,5,4,0.5556,5,4,0.5556,1.0,9,0,1.0,1.8,0,9,0.0,0.0
1640,molport,41,16,25,0.3902,9,32,0.2195,0.5625,41,0,1.0,4.5556,0,41,0.0,0.0
1641,redundant,9,5,4,0.5556,5,4,0.5556,1.0,9,0,1.0,1.8,0,9,0.0,0.0
1642,skelpheres,9,5,4,0.5556,5,4,0.5556,1.0,9,0,1.0,1.8,0,9,0.0,0.0
1643,queries,16,5,11,0.3125,5,11,0.3125,1.0,16,0,1.0,3.2,0,16,0.0,0.0
1644,void,94,27,67,0.2872,20,74,0.2128,0.7407,94,0,1.0,4.7,10,84,0.1064,0.5
1645,dummy,9,5,4,0.5556,5,4,0.5556,1.0,9,0,1.0,1.8,0,9,0.0,0.0
1646,molport-003-848-410,9,5,4,0.5556,5,4,0.5556,1.0,9,0,1.0,1.8,0,9,0.0,0.0
1647,molport-000-883-877,9,5,4,0.5556,5,4,0.5556,1.0,9,0,1.0,1.8,0,9,0.0,0.0
1648,molport-001-572-165,9,5,4,0.5556,5,4,0.5556,1.0,9,0,1.0,1.8,0,9,0.0,0.0
1649,molport-000-418-325,9,5,4,0.5556,5,4,0.5556,1.0,9,0,1.0,1.8,0,9,0.0,0.0
1650,molport-002-271-944,9,5,4,0.5556,5,4,0.5556,1.0,9,0,1.0,1.8,0,9,0.0,0.0
1651,molport-001-959-578,9,5,4,0.5556,5,4,0.5556,1.0,9,0,1.0,1.8,0,9,0.0,0.0
1652,molport-019-079-691,9,5,4,0.5556,5,4,0.5556,1.0,9,0,1.0,1.8,0,9,0.0,0.0
1653,molport-001-527-709,9,5,4,0.5556,5,4,0.5556,1.0,9,0,1.0,1.8,0,9,0.0,0.0
1654,molport-020-128-938,9,5,4,0.5556,5,4,0.5556,1.0,9,0,1.0,1.8,0,9,0.0,0.0
1655,anti-viral,39,3,36,0.0769,2,37,0.0513,0.6667,39,0,1.0,19.5,0,39,0.0,0.0
1656,hiv-1,34,3,31,0.0882,2,32,0.0588,0.6667,34,0,1.0,17.0,0,34,0.0,0.0
1657,ebola,42,3,39,0.0714,2,40,0.0476,0.6667,42,0,1.0,21.0,0,42,0.0,0.0
1658,treat,149,13,136,0.0872,12,137,0.0805,0.9231,149,0,1.0,12.4167,2,147,0.0134,0.1667
1659,herpes,32,3,29,0.0938,2,30,0.0625,0.6667,32,0,1.0,16.0,0,32,0.0,0.0
1660,data-set,16,3,13,0.1875,2,14,0.125,0.6667,16,0,1.0,8.0,0,16,0.0,0.0
1661,learn,579,71,508,0.1226,61,518,0.1054,0.8592,579,0,1.0,9.4918,44,535,0.076,0.7213
1662,diversity,228,87,141,0.3816,60,168,0.2632,0.6897,228,0,1.0,3.8,31,197,0.136,0.5167
1663,lipophilicity,2598,28,2570,0.0108,24,2574,0.0092,0.8571,2598,0,1.0,108.25,15,2583,0.0058,0.625
1664,lack,72,5,67,0.0694,4,68,0.0556,0.8,72,0,1.0,18.0,1,71,0.0139,0.25
1665,jeriek,129,3,126,0.0233,2,127,0.0155,0.6667,129,0,1.0,64.5,0,129,0.0,0.0
1666,van,474,18,456,0.038,3,471,0.0063,0.1667,474,0,1.0,158.0,1,473,0.0021,0.3333
1667,den,998,98,900,0.0982,74,924,0.0741,0.7551,998,0,1.0,13.4865,36,962,0.0361,0.4865
1668,abeele,129,3,126,0.0233,2,127,0.0155,0.6667,129,0,1.0,64.5,0,129,0.0,0.0
1669,uio,32,3,29,0.0938,2,30,0.0625,0.6667,32,0,1.0,16.0,0,32,0.0,0.0
1670,department,58,5,53,0.0862,4,54,0.069,0.8,58,0,1.0,14.5,2,56,0.0345,0.5
1671,physics,32,3,29,0.0938,2,30,0.0625,0.6667,32,0,1.0,16.0,0,32,0.0,0.0
1672,computational,301,46,255,0.1528,36,265,0.1196,0.7826,301,0,1.0,8.3611,24,277,0.0797,0.6667
1673,conserving,12,1,11,0.0833,1,11,0.0833,1.0,12,0,1.0,12.0,0,12,0.0,0.0
1674,2-aminopyridine,11,1,10,0.0909,1,10,0.0909,1.0,11,0,1.0,11.0,1,10,0.0909,1.0
1675,commonplace,6,0,6,0.0,0,6,0.0,0.0,6,0,1.0,0.0,0,6,0.0,0.0
1676,medicinal,246,43,203,0.1748,40,206,0.1626,0.9302,246,0,1.0,6.15,26,220,0.1057,0.65
1677,alter,290,74,216,0.2552,58,232,0.2,0.7838,290,0,1.0,5.0,38,252,0.131,0.6552
1678,mixture,8,1,7,0.125,1,7,0.125,1.0,8,0,1.0,8.0,1,7,0.125,1.0
1679,refinement,16,0,16,0.0,0,16,0.0,0.0,16,0,1.0,0.0,0,16,0.0,0.0
1680,biarylurea,7,0,7,0.0,0,7,0.0,0.0,7,0,1.0,0.0,0,7,0.0,0.0
1681,best-looking,7,0,7,0.0,0,7,0.0,0.0,7,0,1.0,0.0,0,7,0.0,0.0
1682,pyrimidine-2,7,0,7,0.0,0,7,0.0,0.0,7,0,1.0,0.0,0,7,0.0,0.0
1683,-dione,7,0,7,0.0,0,7,0.0,0.0,7,0,1.0,0.0,0,7,0.0,0.0
1684,smallest,7,0,7,0.0,0,7,0.0,0.0,7,0,1.0,0.0,0,7,0.0,0.0
1685,annulate,7,0,7,0.0,0,7,0.0,0.0,7,0,1.0,0.0,0,7,0.0,0.0
1686,phenylquinazoline-2,7,0,7,0.0,0,7,0.0,0.0,7,0,1.0,0.0,0,7,0.0,0.0
1687,4-dione,7,0,7,0.0,0,7,0.0,0.0,7,0,1.0,0.0,0,7,0.0,0.0
1688,paq,7,0,7,0.0,0,7,0.0,0.0,7,0,1.0,0.0,0,7,0.0,0.0
1689,nakagawa,7,0,7,0.0,0,7,0.0,0.0,7,0,1.0,0.0,0,7,0.0,0.0
1690,bioorganic,55,0,55,0.0,0,55,0.0,0.0,55,0,1.0,0.0,0,55,0.0,0.0
1691,7046-7054,7,0,7,0.0,0,7,0.0,0.0,7,0,1.0,0.0,0,7,0.0,0.0
1692,bmc,37,9,28,0.2432,9,28,0.2432,1.0,37,0,1.0,4.1111,5,32,0.1351,0.5556
1693,di-aromatic,7,0,7,0.0,0,7,0.0,0.0,7,0,1.0,0.0,0,7,0.0,0.0
1694,connection,11,1,10,0.0909,1,10,0.0909,1.0,11,0,1.0,11.0,1,10,0.0909,1.0
1695,weaker,55,3,52,0.0545,2,53,0.0364,0.6667,55,0,1.0,27.5,2,53,0.0364,1.0
1696,donor,186,26,160,0.1398,21,165,0.1129,0.8077,186,0,1.0,8.8571,21,165,0.1129,1.0
1697,6-f,63,1,62,0.0159,1,62,0.0159,1.0,63,0,1.0,63.0,1,62,0.0159,1.0
1698,tune,7,0,7,0.0,0,7,0.0,0.0,7,0,1.0,0.0,0,7,0.0,0.0
1699,ample,629,27,602,0.0429,25,604,0.0397,0.9259,629,0,1.0,25.16,14,615,0.0223,0.56
1700,pyrazine,34,4,30,0.1176,1,33,0.0294,0.25,34,0,1.0,34.0,0,34,0.0,0.0
1701,resp,577,29,548,0.0503,18,559,0.0312,0.6207,577,0,1.0,32.0556,5,572,0.0087,0.2778
1702,trifurcated,2,0,2,0.0,0,2,0.0,0.0,2,0,1.0,0.0,0,2,0.0,0.0
1703,pockest,2,0,2,0.0,0,2,0.0,0.0,2,0,1.0,0.0,0,2,0.0,0.0
1704,schrodinger,28,6,22,0.2143,5,23,0.1786,0.8333,28,0,1.0,5.6,5,23,0.1786,1.0
1705,crystallographer,2,0,2,0.0,0,2,0.0,0.0,2,0,1.0,0.0,0,2,0.0,0.0
1706,background,2,0,2,0.0,0,2,0.0,0.0,2,0,1.0,0.0,0,2,0.0,0.0
1707,possibilities,32,6,26,0.1875,6,26,0.1875,1.0,32,0,1.0,5.3333,0,32,0.0,0.0
1708,flip,106,35,71,0.3302,33,73,0.3113,0.9429,106,0,1.0,3.2121,10,96,0.0943,0.303
1709,pincered,17,0,17,0.0,0,17,0.0,0.0,17,0,1.0,0.0,0,17,0.0,0.0
1710,main-chain,22,0,22,0.0,0,22,0.0,0.0,22,0,1.0,0.0,0,22,0.0,0.0
1711,phe140,75,4,71,0.0533,3,72,0.04,0.75,75,0,1.0,25.0,3,72,0.04,1.0
1712,extension,129,26,103,0.2016,11,118,0.0853,0.4231,129,0,1.0,11.7273,11,118,0.0853,1.0
1713,e189,17,0,17,0.0,0,17,0.0,0.0,17,0,1.0,0.0,0,17,0.0,0.0
1714,unexploited,17,0,17,0.0,0,17,0.0,0.0,17,0,1.0,0.0,0,17,0.0,0.0
1715,e166,82,19,63,0.2317,19,63,0.2317,1.0,82,0,1.0,4.3158,19,63,0.2317,1.0
1716,obvious,245,13,232,0.0531,12,233,0.049,0.9231,245,0,1.0,20.4167,4,241,0.0163,0.3333
1717,enhancement,24,0,24,0.0,0,24,0.0,0.0,24,0,1.0,0.0,0,24,0.0,0.0
1718,shift,39,11,28,0.2821,10,29,0.2564,0.9091,39,0,1.0,3.9,1,38,0.0256,0.1
1719,ureido,26,0,26,0.0,0,26,0.0,0.0,26,0,1.0,0.0,0,26,0.0,0.0
1720,propyl-bromide,6,0,6,0.0,0,6,0.0,0.0,6,0,1.0,0.0,0,6,0.0,0.0
1721,chemspace,33,0,33,0.0,0,33,0.0,0.0,33,0,1.0,0.0,0,33,0.0,0.0
1722,chemophore,15,0,15,0.0,0,15,0.0,0.0,15,0,1.0,0.0,0,15,0.0,0.0
1723,pharmit,30,0,30,0.0,0,30,0.0,0.0,30,0,1.0,0.0,0,30,0.0,0.0
1724,higher,155,20,135,0.129,20,135,0.129,1.0,155,0,1.0,7.75,13,142,0.0839,0.65
1725,daren,35,0,35,0.0,0,35,0.0,0.0,35,0,1.0,0.0,0,35,0.0,0.0
1726,fearon,35,0,35,0.0,0,35,0.0,0.0,35,0,1.0,0.0,0,35,0.0,0.0
1727,alex,81,0,81,0.0,0,81,0.0,0.0,81,0,1.0,0.0,0,81,0.0,0.0
1728,dias,9,0,9,0.0,0,9,0.0,0.0,9,0,1.0,0.0,0,9,0.0,0.0
1729,anthony,44,17,27,0.3864,17,27,0.3864,1.0,44,0,1.0,2.5882,17,27,0.3864,1.0
1730,aimon,49,22,27,0.449,22,27,0.449,1.0,49,0,1.0,2.2273,22,27,0.449,1.0
1731,7-indole,21,1,20,0.0476,1,20,0.0476,1.0,21,0,1.0,21.0,0,21,0.0,0.0
1732,leu27,21,1,20,0.0476,1,20,0.0476,1.0,21,0,1.0,21.0,0,21,0.0,0.0
1733,thr35,21,1,20,0.0476,1,20,0.0476,1.0,21,0,1.0,21.0,0,21,0.0,0.0
1734,3-way,10,0,10,0.0,0,10,0.0,0.0,10,0,1.0,0.0,0,10,0.0,0.0
1735,dependency,10,0,10,0.0,0,10,0.0,0.0,10,0,1.0,0.0,0,10,0.0,0.0
1736,amended,10,0,10,0.0,0,10,0.0,0.0,10,0,1.0,0.0,0,10,0.0,0.0
1737,modular,11,0,11,0.0,0,11,0.0,0.0,11,0,1.0,0.0,0,11,0.0,0.0
1738,desymmetrisation,10,0,10,0.0,0,10,0.0,0.0,10,0,1.0,0.0,0,10,0.0,0.0
1739,achiral,19,0,19,0.0,0,19,0.0,0.0,19,0,1.0,0.0,0,19,0.0,0.0
1740,diazepane,10,0,10,0.0,0,10,0.0,0.0,10,0,1.0,0.0,0,10,0.0,0.0
1741,n-functionalisation,10,0,10,0.0,0,10,0.0,0.0,10,0,1.0,0.0,0,10,0.0,0.0
1742,typical,133,26,107,0.1955,24,109,0.1805,0.9231,133,0,1.0,5.5417,3,130,0.0226,0.125
1743,yields,113,26,87,0.2301,24,89,0.2124,0.9231,113,0,1.0,4.7083,3,110,0.0265,0.125
1744,agglomerate,113,26,87,0.2301,24,89,0.2124,0.9231,113,0,1.0,4.7083,3,110,0.0265,0.125
1745,larger,340,28,312,0.0824,24,316,0.0706,0.8571,340,0,1.0,14.1667,3,337,0.0088,0.125
1746,brics,246,39,207,0.1585,32,214,0.1301,0.8205,246,0,1.0,7.6875,7,239,0.0285,0.2188
1747,lipinski,150,26,124,0.1733,24,126,0.16,0.9231,150,0,1.0,6.25,3,147,0.02,0.125
1748,classification,155,32,123,0.2065,30,125,0.1935,0.9375,155,0,1.0,5.1667,6,149,0.0387,0.2
1749,update,128,26,102,0.2031,24,104,0.1875,0.9231,128,0,1.0,5.3333,3,125,0.0234,0.125
1750,addtions,49,18,31,0.3673,17,32,0.3469,0.9444,49,0,1.0,2.8824,2,47,0.0408,0.1176
1751,geometries,109,2,107,0.0183,2,107,0.0183,1.0,109,0,1.0,54.5,2,107,0.0183,1.0
1752,adduct,36,0,36,0.0,0,36,0.0,0.0,36,0,1.0,0.0,0,36,0.0,0.0
1753,serotonin,1,1,0,1.0,1,0,1.0,1.0,1,0,1.0,1.0,0,1,0.0,0.0
1754,methoxy,368,22,346,0.0598,15,353,0.0408,0.6818,368,0,1.0,24.5333,14,354,0.038,0.9333
1755,capture,16,1,15,0.0625,0,16,0.0,0.0,16,0,1.0,0.0,0,16,0.0,0.0
1756,apart,7,0,7,0.0,0,7,0.0,0.0,7,0,1.0,0.0,0,7,0.0,0.0
1757,varied,13,1,12,0.0769,1,12,0.0769,1.0,13,0,1.0,13.0,0,13,0.0,0.0
1758,thorough,16,0,16,0.0,0,16,0.0,0.0,16,0,1.0,0.0,0,16,0.0,0.0
1759,techniques,7,0,7,0.0,0,7,0.0,0.0,7,0,1.0,0.0,0,7,0.0,0.0
1760,5-cyanopyridine,22,0,22,0.0,0,22,0.0,0.0,22,0,1.0,0.0,0,22,0.0,0.0
1761,thr45,22,0,22,0.0,0,22,0.0,0.0,22,0,1.0,0.0,0,22,0.0,0.0
1762,met145,22,0,22,0.0,0,22,0.0,0.0,22,0,1.0,0.0,0,22,0.0,0.0
1763,physicochemical,100,6,94,0.06,6,94,0.06,1.0,100,0,1.0,16.6667,0,100,0.0,0.0
1764,published,109,7,102,0.0642,6,103,0.055,0.8571,109,0,1.0,18.1667,4,105,0.0367,0.6667
1765,cited,107,61,46,0.5701,61,46,0.5701,1.0,107,0,1.0,1.7541,14,93,0.1308,0.2295
1766,ic50,569,130,439,0.2285,125,444,0.2197,0.9615,569,0,1.0,4.552,59,510,0.1037,0.472
1767,13b,34,4,30,0.1176,3,31,0.0882,0.75,34,0,1.0,11.3333,3,31,0.0882,1.0
1768,bicyclo-pentane,3,0,3,0.0,0,3,0.0,0.0,3,0,1.0,0.0,0,3,0.0,0.0
1769,para-hydroxylation,3,0,3,0.0,0,3,0.0,0.0,3,0,1.0,0.0,0,3,0.0,0.0
1770,bioavailability,113,2,111,0.0177,2,111,0.0177,1.0,113,0,1.0,56.5,2,111,0.0177,1.0
1771,decrease,27,6,21,0.2222,5,22,0.1852,0.8333,27,0,1.0,5.4,5,22,0.1852,1.0
1772,understand,57,3,54,0.0526,3,54,0.0526,1.0,57,0,1.0,19.0,3,54,0.0526,1.0
1773,efficacy,9,0,9,0.0,0,9,0.0,0.0,9,0,1.0,0.0,0,9,0.0,0.0
1774,swissadme,59,0,59,0.0,0,59,0.0,0.0,59,0,1.0,0.0,0,59,0.0,0.0
1775,α-ketoamide,7,1,6,0.1429,1,6,0.1429,1.0,7,0,1.0,7.0,1,6,0.1429,1.0
1776,sciencemag,3,0,3,0.0,0,3,0.0,0.0,3,0,1.0,0.0,0,3,0.0,0.0
1777,abb3405,19,0,19,0.0,0,19,0.0,0.0,19,0,1.0,0.0,0,19,0.0,0.0
1778,mpro-x0689,1,0,1,0.0,0,1,0.0,0.0,1,0,1.0,0.0,0,1,0.0,0.0
1779,mpro-x708,1,0,1,0.0,0,1,0.0,0.0,1,0,1.0,0.0,0,1,0.0,0.0
1780,maximal,1,0,1,0.0,0,1,0.0,0.0,1,0,1.0,0.0,0,1,0.0,0.0
1781,der,2932,451,2481,0.1538,369,2563,0.1259,0.8182,2932,0,1.0,7.9458,134,2798,0.0457,0.3631
1782,waals,1,0,1,0.0,0,1,0.0,0.0,1,0,1.0,0.0,0,1,0.0,0.0
1783,inclusion,133,3,130,0.0226,3,130,0.0226,1.0,133,0,1.0,44.3333,2,131,0.015,0.6667
1784,besides,10,1,9,0.1,1,9,0.1,1.0,10,0,1.0,10.0,0,10,0.0,0.0
1785,spiro-fussed,4,0,4,0.0,0,4,0.0,0.0,4,0,1.0,0.0,0,4,0.0,0.0
1786,closure,8,2,6,0.25,2,6,0.25,1.0,8,0,1.0,4.0,2,6,0.25,1.0
1787,5red,6,0,6,0.0,0,6,0.0,0.0,6,0,1.0,0.0,0,6,0.0,0.0
1788,becerra-rivas,4,0,4,0.0,0,4,0.0,0.0,4,0,1.0,0.0,0,4,0.0,0.0
1789,cuervo-prado,4,0,4,0.0,0,4,0.0,0.0,4,0,1.0,0.0,0,4,0.0,0.0
1790,orozco-lopez,4,0,4,0.0,0,4,0.0,0.0,4,0,1.0,0.0,0,4,0.0,0.0
1791,communications,50,0,50,0.0,0,50,0.0,0.0,50,0,1.0,0.0,0,50,0.0,0.0
1792,reliant,13,6,7,0.4615,6,7,0.4615,1.0,13,0,1.0,2.1667,0,13,0.0,0.0
1793,cyclica,66,6,60,0.0909,6,60,0.0909,1.0,66,0,1.0,11.0,0,66,0.0,0.0
1794,satisfy,13,6,7,0.4615,6,7,0.4615,1.0,13,0,1.0,2.1667,0,13,0.0,0.0
1795,objective,101,7,94,0.0693,7,94,0.0693,1.0,101,0,1.0,14.4286,1,100,0.0099,0.1429
1796,traverses,13,6,7,0.4615,6,7,0.4615,1.0,13,0,1.0,2.1667,0,13,0.0,0.0
1797,repeatedly,13,6,7,0.4615,6,7,0.4615,1.0,13,0,1.0,2.1667,0,13,0.0,0.0
1798,deriving,13,6,7,0.4615,6,7,0.4615,1.0,13,0,1.0,2.1667,0,13,0.0,0.0
1799,convergence,13,6,7,0.4615,6,7,0.4615,1.0,13,0,1.0,2.1667,0,13,0.0,0.0
1800,traversing,13,6,7,0.4615,6,7,0.4615,1.0,13,0,1.0,2.1667,0,13,0.0,0.0
1801,rule-based,13,6,7,0.4615,6,7,0.4615,1.0,13,0,1.0,2.1667,0,13,0.0,0.0
1802,semi-generative,13,6,7,0.4615,6,7,0.4615,1.0,13,0,1.0,2.1667,0,13,0.0,0.0
1803,challenge,15,6,9,0.4,6,9,0.4,1.0,15,0,1.0,2.5,0,15,0.0,0.0
1804,option,135,20,115,0.1481,16,119,0.1185,0.8,135,0,1.0,8.4375,9,126,0.0667,0.5625
1805,partners,13,6,7,0.4615,6,7,0.4615,1.0,13,0,1.0,2.1667,0,13,0.0,0.0
1806,identify,110,25,85,0.2273,22,88,0.2,0.88,110,0,1.0,5.0,7,103,0.0636,0.3182
1807,compatibility,20,8,12,0.4,8,12,0.4,1.0,20,0,1.0,2.5,0,20,0.0,0.0
1808,3clpro,61,6,55,0.0984,6,55,0.0984,1.0,61,0,1.0,10.1667,0,61,0.0,0.0
1809,matchmaker,13,6,7,0.4615,6,7,0.4615,1.0,13,0,1.0,2.1667,0,13,0.0,0.0
1810,proteome-screening,13,6,7,0.4615,6,7,0.4615,1.0,13,0,1.0,2.1667,0,13,0.0,0.0
1811,tinyurl,13,6,7,0.4615,6,7,0.4615,1.0,13,0,1.0,2.1667,0,13,0.0,0.0
1812,wx3yg64,13,6,7,0.4615,6,7,0.4615,1.0,13,0,1.0,2.1667,0,13,0.0,0.0
1813,accurate,14,6,8,0.4286,6,8,0.4286,1.0,14,0,1.0,2.3333,0,14,0.0,0.0
1814,magnitude,15,7,8,0.4667,7,8,0.4667,1.0,15,0,1.0,2.1429,1,14,0.0667,0.1429
1815,efficient,71,21,50,0.2958,19,52,0.2676,0.9048,71,0,1.0,3.7368,3,68,0.0423,0.1579
1816,ligand-based,31,16,15,0.5161,11,20,0.3548,0.6875,31,0,1.0,2.8182,5,26,0.1613,0.4545
1817,technology,13,6,7,0.4615,6,7,0.4615,1.0,13,0,1.0,2.1667,0,13,0.0,0.0
1818,arxiv,13,6,7,0.4615,6,7,0.4615,1.0,13,0,1.0,2.1667,0,13,0.0,0.0
1819,parameter-free,13,6,7,0.4615,6,7,0.4615,1.0,13,0,1.0,2.1667,0,13,0.0,0.0
1820,utilizes,13,6,7,0.4615,6,7,0.4615,1.0,13,0,1.0,2.1667,0,13,0.0,0.0
1821,predictive,33,6,27,0.1818,6,27,0.1818,1.0,33,0,1.0,5.5,0,33,0.0,0.0
1822,performance,13,6,7,0.4615,6,7,0.4615,1.0,13,0,1.0,2.1667,0,13,0.0,0.0
1823,evolve,73,6,67,0.0822,6,67,0.0822,1.0,73,0,1.0,12.1667,0,73,0.0,0.0
1824,resemble,21,7,14,0.3333,7,14,0.3333,1.0,21,0,1.0,3.0,0,21,0.0,0.0
1825,ensure,64,13,51,0.2031,13,51,0.2031,1.0,64,0,1.0,4.9231,6,58,0.0938,0.4615
1826,exclude,29,10,19,0.3448,8,21,0.2759,0.8,29,0,1.0,3.625,2,27,0.069,0.25
1827,problematic,83,8,75,0.0964,8,75,0.0964,1.0,83,0,1.0,10.375,0,83,0.0,0.0
1828,default,13,6,7,0.4615,6,7,0.4615,1.0,13,0,1.0,2.1667,0,13,0.0,0.0
1829,proceed,36,7,29,0.1944,6,30,0.1667,0.8571,36,0,1.0,6.0,0,36,0.0,0.0
1830,automatically,65,9,56,0.1385,7,58,0.1077,0.7778,65,0,1.0,9.2857,1,64,0.0154,0.1429
1831,proteome,13,6,7,0.4615,6,7,0.4615,1.0,13,0,1.0,2.1667,0,13,0.0,0.0
1832,corona,177,13,164,0.0734,12,165,0.0678,0.9231,177,0,1.0,14.75,5,172,0.0282,0.4167
1833,virus,268,13,255,0.0485,11,257,0.041,0.8462,268,0,1.0,24.3636,5,263,0.0187,0.4545
1834,semi-manual,13,6,7,0.4615,6,7,0.4615,1.0,13,0,1.0,2.1667,0,13,0.0,0.0
1835,curation,13,6,7,0.4615,6,7,0.4615,1.0,13,0,1.0,2.1667,0,13,0.0,0.0
1836,prioritize,183,6,177,0.0328,6,177,0.0328,1.0,183,0,1.0,30.5,0,183,0.0,0.0
1837,merit,13,6,7,0.4615,6,7,0.4615,1.0,13,0,1.0,2.1667,0,13,0.0,0.0
1838,subsequent,30,12,18,0.4,11,19,0.3667,0.9167,30,0,1.0,2.7273,5,25,0.1667,0.4545
1839,algorithmic,32,7,25,0.2188,7,25,0.2188,1.0,32,0,1.0,4.5714,0,32,0.0,0.0
1840,customization,13,6,7,0.4615,6,7,0.4615,1.0,13,0,1.0,2.1667,0,13,0.0,0.0
1841,enforce,16,6,10,0.375,6,10,0.375,1.0,16,0,1.0,2.6667,0,16,0.0,0.0
1842,customizing,13,6,7,0.4615,6,7,0.4615,1.0,13,0,1.0,2.1667,0,13,0.0,0.0
1843,iterations,13,6,7,0.4615,6,7,0.4615,1.0,13,0,1.0,2.1667,0,13,0.0,0.0
1844,incorporate,244,24,220,0.0984,12,232,0.0492,0.5,244,0,1.0,20.3333,0,244,0.0,0.0
1845,expert,38,8,30,0.2105,6,32,0.1579,0.75,38,0,1.0,6.3333,0,38,0.0,0.0
1846,pressure,13,6,7,0.4615,6,7,0.4615,1.0,13,0,1.0,2.1667,0,13,0.0,0.0
1847,mpro_x1086,1,0,1,0.0,0,1,0.0,0.0,1,0,1.0,0.0,0,1,0.0,0.0
1848,mpro_x1187,1,0,1,0.0,0,1,0.0,0.0,1,0,1.0,0.0,0,1,0.0,0.0
1849,termini,7,0,7,0.0,0,7,0.0,0.0,7,0,1.0,0.0,0,7,0.0,0.0
1850,role,75,8,67,0.1067,5,70,0.0667,0.625,75,0,1.0,15.0,5,70,0.0667,1.0
1851,dimerization,11,0,11,0.0,0,11,0.0,0.0,11,0,1.0,0.0,0,11,0.0,0.0
1852,distinct,8,0,8,0.0,0,8,0.0,0.0,8,0,1.0,0.0,0,8,0.0,0.0
1853,pi-pi,23,3,20,0.1304,1,22,0.0435,0.3333,23,0,1.0,23.0,0,23,0.0,0.0
1854,phe8,7,0,7,0.0,0,7,0.0,0.0,7,0,1.0,0.0,0,7,0.0,0.0
1855,met6,7,0,7,0.0,0,7,0.0,0.0,7,0,1.0,0.0,0,7,0.0,0.0
1856,t-shaped,1,0,1,0.0,0,1,0.0,0.0,1,0,1.0,0.0,0,1,0.0,0.0
1857,cation-pi,1,0,1,0.0,0,1,0.0,0.0,1,0,1.0,0.0,0,1,0.0,0.0
1858,arg298,1,0,1,0.0,0,1,0.0,0.0,1,0,1.0,0.0,0,1,0.0,0.0
1859,methodology,44,37,7,0.8409,13,31,0.2955,0.3514,44,0,1.0,3.3846,9,35,0.2045,0.6923
1860,unique,6,0,6,0.0,0,6,0.0,0.0,6,0,1.0,0.0,0,6,0.0,0.0
1861,asp295,1,0,1,0.0,0,1,0.0,0.0,1,0,1.0,0.0,0,1,0.0,0.0
1862,raising,2,0,2,0.0,0,2,0.0,0.0,2,0,1.0,0.0,0,2,0.0,0.0
1863,asn299,1,0,1,0.0,0,1,0.0,0.0,1,0,1.0,0.0,0,1,0.0,0.0
1864,jvi,1,0,1,0.0,0,1,0.0,0.0,1,0,1.0,0.0,0,1,0.0,0.0
1865,asm,47,0,47,0.0,0,47,0.0,0.0,47,0,1.0,0.0,0,47,0.0,0.0
1866,ncbi,11,5,6,0.4545,5,6,0.4545,1.0,11,0,1.0,2.2,5,6,0.4545,1.0
1867,nlm,11,5,6,0.4545,5,6,0.4545,1.0,11,0,1.0,2.2,5,6,0.4545,1.0
1868,nih,12,5,7,0.4167,5,7,0.4167,1.0,12,0,1.0,2.4,5,7,0.4167,1.0
1869,gov,11,5,6,0.4545,5,6,0.4545,1.0,11,0,1.0,2.2,5,6,0.4545,1.0
1870,pubmed,2,0,2,0.0,0,2,0.0,0.0,2,0,1.0,0.0,0,2,0.0,0.0
1871,5-membered,55,5,50,0.0909,5,50,0.0909,1.0,55,0,1.0,11.0,5,50,0.0909,1.0
1872,physical-chemical,1,0,1,0.0,0,1,0.0,0.0,1,0,1.0,0.0,0,1,0.0,0.0
1873,bioactivity,1,0,1,0.0,0,1,0.0,0.0,1,0,1.0,0.0,0,1,0.0,0.0
1874,molinspiration,2,0,2,0.0,0,2,0.0,0.0,2,0,1.0,0.0,0,2,0.0,0.0
1875,novartis,1,0,1,0.0,0,1,0.0,0.0,1,0,1.0,0.0,0,1,0.0,0.0
1876,research,101,32,69,0.3168,31,70,0.3069,0.9688,101,0,1.0,3.2581,19,82,0.1881,0.6129
1877,percent,1,0,1,0.0,0,1,0.0,0.0,1,0,1.0,0.0,0,1,0.0,0.0
1878,calculation,811,18,793,0.0222,14,797,0.0173,0.7778,811,0,1.0,57.9286,6,805,0.0074,0.4286
1879,gpcrs,1,0,1,0.0,0,1,0.0,0.0,1,0,1.0,0.0,0,1,0.0,0.0
1880,ion,11991,1692,10299,0.1411,1343,10648,0.112,0.7937,11991,0,1.0,8.9285,809,11182,0.0675,0.6024
1881,minimisation,36,0,36,0.0,0,36,0.0,0.0,36,0,1.0,0.0,0,36,0.0,0.0
1882,x0708-0,3,0,3,0.0,0,3,0.0,0.0,3,0,1.0,0.0,0,3,0.0,0.0
1883,x0991-0,3,0,3,0.0,0,3,0.0,0.0,3,0,1.0,0.0,0,3,0.0,0.0
1884,x0736-0,3,0,3,0.0,0,3,0.0,0.0,3,0,1.0,0.0,0,3,0.0,0.0
1885,intermediate,284,115,169,0.4049,80,204,0.2817,0.6957,284,0,1.0,3.55,80,204,0.2817,1.0
1886,clc,62,26,36,0.4194,9,53,0.1452,0.3462,62,0,1.0,6.8889,0,62,0.0,0.0
1887,reagent,110,1,109,0.0091,0,110,0.0,0.0,110,0,1.0,0.0,0,110,0.0,0.0
1888,c1br,107,0,107,0.0,0,107,0.0,0.0,107,0,1.0,0.0,0,107,0.0,0.0
1889,c1b,107,0,107,0.0,0,107,0.0,0.0,107,0,1.0,0.0,0,107,0.0,0.0
1890,component,179,0,179,0.0,0,179,0.0,0.0,179,0,1.0,0.0,0,179,0.0,0.0
1891,suzuki,25,12,13,0.48,10,15,0.4,0.8333,25,0,1.0,2.5,9,16,0.36,0.9
1892,eletriptan,3,1,2,0.3333,1,2,0.3333,1.0,3,0,1.0,3.0,0,3,0.0,0.0
1893,relpax,3,1,2,0.3333,1,2,0.3333,1.0,3,0,1.0,3.0,0,3,0.0,0.0
1894,naratrtriptan,3,1,2,0.3333,1,2,0.3333,1.0,3,0,1.0,3.0,0,3,0.0,0.0
1895,amerge,3,1,2,0.3333,1,2,0.3333,1.0,3,0,1.0,3.0,0,3,0.0,0.0
1896,sumatriptan,8,2,6,0.25,2,6,0.25,1.0,8,0,1.0,4.0,0,8,0.0,0.0
1897,imitrex,3,1,2,0.3333,1,2,0.3333,1.0,3,0,1.0,3.0,0,3,0.0,0.0
1898,anti-migraine,3,1,2,0.3333,1,2,0.3333,1.0,3,0,1.0,3.0,0,3,0.0,0.0
1899,medication,3,1,2,0.3333,1,2,0.3333,1.0,3,0,1.0,3.0,0,3,0.0,0.0
1900,80mg,3,1,2,0.3333,1,2,0.3333,1.0,3,0,1.0,3.0,0,3,0.0,0.0
1901,naratriptan,3,1,2,0.3333,1,2,0.3333,1.0,3,0,1.0,3.0,0,3,0.0,0.0
1902,100mg,3,1,2,0.3333,1,2,0.3333,1.0,3,0,1.0,3.0,0,3,0.0,0.0
1903,dose,4,1,3,0.25,1,3,0.25,1.0,4,0,1.0,4.0,0,4,0.0,0.0
1904,tablet,3,1,2,0.3333,1,2,0.3333,1.0,3,0,1.0,3.0,0,3,0.0,0.0
1905,injection,3,1,2,0.3333,1,2,0.3333,1.0,3,0,1.0,3.0,0,3,0.0,0.0
1906,prescribed,3,1,2,0.3333,1,2,0.3333,1.0,3,0,1.0,3.0,0,3,0.0,0.0
1907,off-label,3,1,2,0.3333,1,2,0.3333,1.0,3,0,1.0,3.0,0,3,0.0,0.0
1908,mar-kin-563,1,0,1,0.0,0,1,0.0,0.0,1,0,1.0,0.0,0,1,0.0,0.0
1909,assay,598,36,562,0.0602,34,564,0.0569,0.9444,598,0,1.0,17.5882,29,569,0.0485,0.8529
1910,htmd,1,1,0,1.0,1,0,1.0,1.0,1,0,1.0,1.0,0,1,0.0,0.0
1911,acemd3,1,1,0,1.0,1,0,1.0,1.0,1,0,1.0,1.0,0,1,0.0,0.0
1912,adaptivegoal,1,1,0,1.0,1,0,1.0,1.0,1,0,1.0,1.0,0,1,0.0,0.0
1913,proved,290,18,272,0.0621,16,274,0.0552,0.8889,290,0,1.0,18.125,2,288,0.0069,0.125
1914,effective,111,12,99,0.1081,12,99,0.1081,1.0,111,0,1.0,9.25,7,104,0.0631,0.5833
1915,become,11,4,7,0.3636,3,8,0.2727,0.75,11,0,1.0,3.6667,2,9,0.1818,0.6667
1916,actual,56,3,53,0.0536,2,54,0.0357,0.6667,56,0,1.0,28.0,1,55,0.0179,0.5
1917,frame,160,2,158,0.0125,2,158,0.0125,1.0,160,0,1.0,80.0,0,160,0.0,0.0
1918,cavity,46,3,43,0.0652,1,45,0.0217,0.3333,46,0,1.0,46.0,0,46,0.0,0.0
1919,trajectory,1,1,0,1.0,1,0,1.0,1.0,1,0,1.0,1.0,0,1,0.0,0.0
1920,acellera,1,1,0,1.0,1,0,1.0,1.0,1,0,1.0,1.0,0,1,0.0,0.0
1921,youtube,1,1,0,1.0,1,0,1.0,1.0,1,0,1.0,1.0,0,1,0.0,0.0
1922,channel,2,1,1,0.5,1,1,0.5,1.0,2,0,1.0,2.0,0,2,0.0,0.0
1923,video,1,1,0,1.0,1,0,1.0,1.0,1,0,1.0,1.0,0,1,0.0,0.0
1924,functionalisation,41,1,40,0.0244,1,40,0.0244,1.0,41,0,1.0,41.0,0,41,0.0,0.0
1925,click,45,10,35,0.2222,8,37,0.1778,0.8,45,0,1.0,5.625,5,40,0.1111,0.625
1926,5r83,103,2,101,0.0194,2,101,0.0194,1.0,103,0,1.0,51.5,2,101,0.0194,1.0
1927,nanome,9,0,9,0.0,0,9,0.0,0.0,9,0,1.0,0.0,0,9,0.0,0.0
1928,benzophenone,1,0,1,0.0,0,1,0.0,0.0,1,0,1.0,0.0,0,1,0.0,0.0
1929,lined,1,0,1,0.0,0,1,0.0,0.0,1,0,1.0,0.0,0,1,0.0,0.0
1930,ala191,1,0,1,0.0,0,1,0.0,0.0,1,0,1.0,0.0,0,1,0.0,0.0
1931,leu167,1,0,1,0.0,0,1,0.0,0.0,1,0,1.0,0.0,0,1,0.0,0.0
1932,propyl,118,25,93,0.2119,20,98,0.1695,0.8,118,0,1.0,5.9,12,106,0.1017,0.6
1933,propyl-amide,3,0,3,0.0,0,3,0.0,0.0,3,0,1.0,0.0,0,3,0.0,0.0
1934,csm-lig,29,1,28,0.0345,1,28,0.0345,1.0,29,0,1.0,29.0,0,29,0.0,0.0
1935,variational,3,0,3,0.0,0,3,0.0,0.0,3,0,1.0,0.0,0,3,0.0,0.0
1936,autoencoder,3,0,3,0.0,0,3,0.0,0.0,3,0,1.0,0.0,0,3,0.0,0.0
1937,submitting,24,2,22,0.0833,1,23,0.0417,0.5,24,0,1.0,24.0,0,24,0.0,0.0
1938,darunavir,31,0,31,0.0,0,31,0.0,0.0,31,0,1.0,0.0,0,31,0.0,0.0
1939,tipranavir,21,0,21,0.0,0,21,0.0,0.0,21,0,1.0,0.0,0,21,0.0,0.0
1940,colchicine,3,0,3,0.0,0,3,0.0,0.0,3,0,1.0,0.0,0,3,0.0,0.0
1941,hydroxychloroquine,74,0,74,0.0,0,74,0.0,0.0,74,0,1.0,0.0,0,74,0.0,0.0
1942,remdesivir,24,0,24,0.0,0,24,0.0,0.0,24,0,1.0,0.0,0,24,0.0,0.0
1943,on_the_generation_of_novel_ligands_for_sars-cov-2_protease_and_ace2_receptor_via_constrained_graph_variational_autoencoders,3,0,3,0.0,0,3,0.0,0.0,3,0,1.0,0.0,0,3,0.0,0.0
1944,compressed,3,0,3,0.0,0,3,0.0,0.0,3,0,1.0,0.0,0,3,0.0,0.0
1945,zip,4,0,4,0.0,0,4,0.0,0.0,4,0,1.0,0.0,0,4,0.0,0.0
1946,url,29,6,23,0.2069,6,23,0.2069,1.0,29,0,1.0,4.8333,0,29,0.0,0.0
1947,11vohorcj8--ktwo02fv9kl9toctukzjp,3,0,3,0.0,0,3,0.0,0.0,3,0,1.0,0.0,0,3,0.0,0.0
1948,majeux,1,0,1,0.0,0,1,0.0,0.0,1,0,1.0,0.0,0,1,0.0,0.0
1949,prominent,5,0,5,0.0,0,5,0.0,0.0,5,0,1.0,0.0,0,5,0.0,0.0
1950,feature,375,47,328,0.1253,42,333,0.112,0.8936,375,0,1.0,8.9286,17,358,0.0453,0.4048
1951,salicyliamide,4,0,4,0.0,0,4,0.0,0.0,4,0,1.0,0.0,0,4,0.0,0.0
1952,anticlotting,4,0,4,0.0,0,4,0.0,0.0,4,0,1.0,0.0,0,4,0.0,0.0
1953,clotting,4,0,4,0.0,0,4,0.0,0.0,4,0,1.0,0.0,0,4,0.0,0.0
1954,contribute,48,7,41,0.1458,3,45,0.0625,0.4286,48,0,1.0,16.0,3,45,0.0625,1.0
1955,failure,4,0,4,0.0,0,4,0.0,0.0,4,0,1.0,0.0,0,4,0.0,0.0
1956,pcm-0102389,4,0,4,0.0,0,4,0.0,0.0,4,0,1.0,0.0,0,4,0.0,0.0
1957,pcm-0102219,4,0,4,0.0,0,4,0.0,0.0,4,0,1.0,0.0,0,4,0.0,0.0
1958,x-codes,4,0,4,0.0,0,4,0.0,0.0,4,0,1.0,0.0,0,4,0.0,0.0
1959,vinylsulfonamide,1,0,1,0.0,0,1,0.0,0.0,1,0,1.0,0.0,0,1,0.0,0.0
1960,6yb7,37,2,35,0.0541,2,35,0.0541,1.0,37,0,1.0,18.5,0,37,0.0,0.0
1961,cys-modifying,6,0,6,0.0,0,6,0.0,0.0,6,0,1.0,0.0,0,6,0.0,0.0
1962,afatinib,1,0,1,0.0,0,1,0.0,0.0,1,0,1.0,0.0,0,1,0.0,0.0
1963,ibrutinib,4,2,2,0.5,2,2,0.5,1.0,4,0,1.0,2.0,0,4,0.0,0.0
1964,neratinib,1,0,1,0.0,0,1,0.0,0.0,1,0,1.0,0.0,0,1,0.0,0.0
1965,intramolecular,83,2,81,0.0241,2,81,0.0241,1.0,83,0,1.0,41.5,2,81,0.0241,1.0
1966,pull-down,1,0,1,0.0,0,1,0.0,0.0,1,0,1.0,0.0,0,1,0.0,0.0
1967,menu,1,0,1,0.0,0,1,0.0,0.0,1,0,1.0,0.0,0,1,0.0,0.0
1968,exterior,2,1,1,0.5,1,1,0.5,1.0,2,0,1.0,2.0,0,2,0.0,0.0
1969,fragment-mpro,1,0,1,0.0,0,1,0.0,0.0,1,0,1.0,0.0,0,1,0.0,0.0
1970,biosig,11,1,10,0.0909,1,10,0.0909,1.0,11,0,1.0,11.0,0,11,0.0,0.0
1971,unimelb,11,1,10,0.0909,1,10,0.0909,1.0,11,0,1.0,11.0,0,11,0.0,0.0
1972,csm_lig,8,1,7,0.125,1,7,0.125,1.0,8,0,1.0,8.0,0,8,0.0,0.0
1973,run_prediction,1,0,1,0.0,0,1,0.0,0.0,1,0,1.0,0.0,0,1,0.0,0.0
1974,csm,32,1,31,0.0312,1,31,0.0312,1.0,32,0,1.0,32.0,0,32,0.0,0.0
1975,inspirator,459,12,447,0.0261,4,455,0.0087,0.3333,459,0,1.0,114.75,3,456,0.0065,0.75
1976,agomelatine,1,0,1,0.0,0,1,0.0,0.0,1,0,1.0,0.0,0,1,0.0,0.0
1977,inexpensive,2,0,2,0.0,0,2,0.0,0.0,2,0,1.0,0.0,0,2,0.0,0.0
1978,preferably,5,0,5,0.0,0,5,0.0,0.0,5,0,1.0,0.0,0,5,0.0,0.0
1979,volatile,2,0,2,0.0,0,2,0.0,0.0,2,0,1.0,0.0,0,2,0.0,0.0
1980,inhale,2,0,2,0.0,0,2,0.0,0.0,2,0,1.0,0.0,0,2,0.0,0.0
1981,enjoy,2,0,2,0.0,0,2,0.0,0.0,2,0,1.0,0.0,0,2,0.0,0.0
1982,harmful,2,0,2,0.0,0,2,0.0,0.0,2,0,1.0,0.0,0,2,0.0,0.0
1983,lavender,2,0,2,0.0,0,2,0.0,0.0,2,0,1.0,0.0,0,2,0.0,0.0
1984,eucalyptus,2,0,2,0.0,0,2,0.0,0.0,2,0,1.0,0.0,0,2,0.0,0.0
1985,definitely,2,0,2,0.0,0,2,0.0,0.0,2,0,1.0,0.0,0,2,0.0,0.0
1986,lachele,2,0,2,0.0,0,2,0.0,0.0,2,0,1.0,0.0,0,2,0.0,0.0
1987,virion,7,0,7,0.0,0,7,0.0,0.0,7,0,1.0,0.0,0,7,0.0,0.0
1988,obtain,203,37,166,0.1823,29,174,0.1429,0.7838,203,0,1.0,7.0,16,187,0.0788,0.5517
1989,realize,2,0,2,0.0,0,2,0.0,0.0,2,0,1.0,0.0,0,2,0.0,0.0
1990,curious,3,0,3,0.0,0,3,0.0,0.0,3,0,1.0,0.0,0,3,0.0,0.0
1991,doubt,2,0,2,0.0,0,2,0.0,0.0,2,0,1.0,0.0,0,2,0.0,0.0
1992,eucalyptol,2,0,2,0.0,0,2,0.0,0.0,2,0,1.0,0.0,0,2,0.0,0.0
1993,6_bound_coordinates,2,0,2,0.0,0,2,0.0,0.0,2,0,1.0,0.0,0,2,0.0,0.0
1994,relies,7,0,7,0.0,0,7,0.0,0.0,7,0,1.0,0.0,0,7,0.0,0.0
1995,engagement,2,0,2,0.0,0,2,0.0,0.0,2,0,1.0,0.0,0,2,0.0,0.0
1996,oxazepane,2,0,2,0.0,0,2,0.0,0.0,2,0,1.0,0.0,0,2,0.0,0.0
1997,asp187,7,0,7,0.0,0,7,0.0,0.0,7,0,1.0,0.0,0,7,0.0,0.0
1998,inferred,2,0,2,0.0,0,2,0.0,0.0,2,0,1.0,0.0,0,2,0.0,0.0
1999,4-oxazepane,1,0,1,0.0,0,1,0.0,0.0,1,0,1.0,0.0,0,1,0.0,0.0
2000,discarded,28,1,27,0.0357,1,27,0.0357,1.0,28,0,1.0,28.0,0,28,0.0,0.0
2001,generation,73,3,70,0.0411,3,70,0.0411,1.0,73,0,1.0,24.3333,1,72,0.0137,0.3333
2002,date,444,47,397,0.1059,40,404,0.0901,0.8511,444,0,1.0,11.1,11,433,0.0248,0.275
2003,exhaustiveness,3,1,2,0.3333,1,2,0.3333,1.0,3,0,1.0,3.0,0,3,0.0,0.0
2004,candidate,181,2,179,0.011,2,179,0.011,1.0,181,0,1.0,90.5,0,181,0.0,0.0
2005,estimate,172,7,165,0.0407,5,167,0.0291,0.7143,172,0,1.0,34.4,3,169,0.0174,0.6
2006,protox-ii,3,1,2,0.3333,1,2,0.3333,1.0,3,0,1.0,3.0,0,3,0.0,0.0
2007,web,28,1,27,0.0357,1,27,0.0357,1.0,28,0,1.0,28.0,0,28,0.0,0.0
2008,service,53,2,51,0.0377,2,51,0.0377,1.0,53,0,1.0,26.5,0,53,0.0,0.0
2009,normalized,3,1,2,0.3333,1,2,0.3333,1.0,3,0,1.0,3.0,0,3,0.0,0.0
2010,ld50,3,1,2,0.3333,1,2,0.3333,1.0,3,0,1.0,3.0,0,3,0.0,0.0
2011,c3cl,3,1,2,0.3333,1,2,0.3333,1.0,3,0,1.0,3.0,0,3,0.0,0.0
2012,thread,3,1,2,0.3333,1,2,0.3333,1.0,3,0,1.0,3.0,0,3,0.0,0.0
2013,acrylamide,139,30,109,0.2158,18,121,0.1295,0.6,139,0,1.0,7.7222,12,127,0.0863,0.6667
2014,loosely,10,0,10,0.0,0,10,0.0,0.0,10,0,1.0,0.0,0,10,0.0,0.0
2015,osimertinib,5,0,5,0.0,0,5,0.0,0.0,5,0,1.0,0.0,0,5,0.0,0.0
2016,5r7y,102,2,100,0.0196,2,100,0.0196,1.0,102,0,1.0,51.0,2,100,0.0196,1.0
2017,dimethylamine,1,0,1,0.0,0,1,0.0,0.0,1,0,1.0,0.0,0,1,0.0,0.0
2018,propylamine,13,1,12,0.0769,1,12,0.0769,1.0,13,0,1.0,13.0,0,13,0.0,0.0
2019,amido,80,16,64,0.2,16,64,0.2,1.0,80,0,1.0,5.0,11,69,0.1375,0.6875
2020,dual,81,10,71,0.1235,10,71,0.1235,1.0,81,0,1.0,8.1,1,80,0.0123,0.1
2021,nucleophile,23,0,23,0.0,0,23,0.0,0.0,23,0,1.0,0.0,0,23,0.0,0.0
2022,zinc,122,1,121,0.0082,1,121,0.0082,1.0,122,0,1.0,122.0,0,122,0.0,0.0
2023,zinc000567249927,2,0,2,0.0,0,2,0.0,0.0,2,0,1.0,0.0,0,2,0.0,0.0
2024,zinc000567382938,2,0,2,0.0,0,2,0.0,0.0,2,0,1.0,0.0,0,2,0.0,0.0
2025,dimethyl,68,24,44,0.3529,21,47,0.3088,0.875,68,0,1.0,3.2381,14,54,0.2059,0.6667
2026,diethylamine,4,0,4,0.0,0,4,0.0,0.0,4,0,1.0,0.0,0,4,0.0,0.0
2027,ethylenediamine,4,0,4,0.0,0,4,0.0,0.0,4,0,1.0,0.0,0,4,0.0,0.0
2028,entry,12,0,12,0.0,0,12,0.0,0.0,12,0,1.0,0.0,0,12,0.0,0.0
2029,ste-lau-835,1,0,1,0.0,0,1,0.0,0.0,1,0,1.0,0.0,0,1,0.0,0.0
2030,ch2phe-oh,1,0,1,0.0,0,1,0.0,0.0,1,0,1.0,0.0,0,1,0.0,0.0
2031,phenolic,1,0,1,0.0,0,1,0.0,0.0,1,0,1.0,0.0,0,1,0.0,0.0
2032,ramelteon,3,0,3,0.0,0,3,0.0,0.0,3,0,1.0,0.0,0,3,0.0,0.0
2033,4-aminoindan,2,0,2,0.0,0,2,0.0,0.0,2,0,1.0,0.0,0,2,0.0,0.0
2034,onlinelibrary,2,0,2,0.0,0,2,0.0,0.0,2,0,1.0,0.0,0,2,0.0,0.0
2035,wiley,2,0,2,0.0,0,2,0.0,0.0,2,0,1.0,0.0,0,2,0.0,0.0
2036,cctc,2,0,2,0.0,0,2,0.0,0.0,2,0,1.0,0.0,0,2,0.0,0.0
2037,phenazine,3,0,3,0.0,0,3,0.0,0.0,3,0,1.0,0.0,0,3,0.0,0.0
2038,derivates,3,0,3,0.0,0,3,0.0,0.0,3,0,1.0,0.0,0,3,0.0,0.0
2039,phenothiazins,3,0,3,0.0,0,3,0.0,0.0,3,0,1.0,0.0,0,3,0.0,0.0
2040,clathrin,3,0,3,0.0,0,3,0.0,0.0,3,0,1.0,0.0,0,3,0.0,0.0
2041,endocytosis,3,0,3,0.0,0,3,0.0,0.0,3,0,1.0,0.0,0,3,0.0,0.0
2042,1-4,119,9,110,0.0756,6,113,0.0504,0.6667,119,0,1.0,19.8333,6,113,0.0504,1.0
2043,x-0830-0,3,0,3,0.0,0,3,0.0,0.0,3,0,1.0,0.0,0,3,0.0,0.0
2044,x0820-0,3,0,3,0.0,0,3,0.0,0.0,3,0,1.0,0.0,0,3,0.0,0.0
2045,pyrazol,208,40,168,0.1923,32,176,0.1538,0.8,208,0,1.0,6.5,27,181,0.1298,0.8438
2046,addresse,5,1,4,0.2,0,5,0.0,0.0,5,0,1.0,0.0,0,5,0.0,0.0
2047,follow-up,51,13,38,0.2549,11,40,0.2157,0.8462,51,0,1.0,4.6364,8,43,0.1569,0.7273
2048,ste-unk-dfa,3,0,3,0.0,0,3,0.0,0.0,3,0,1.0,0.0,0,3,0.0,0.0
2049,availbale,1,0,1,0.0,0,1,0.0,0.0,1,0,1.0,0.0,0,1,0.0,0.0
2050,thiazole,55,7,48,0.1273,7,48,0.1273,1.0,55,0,1.0,7.8571,6,49,0.1091,0.8571
2051,cinnoline,1,0,1,0.0,0,1,0.0,0.0,1,0,1.0,0.0,0,1,0.0,0.0
2052,fusion,9,0,9,0.0,0,9,0.0,0.0,9,0,1.0,0.0,0,9,0.0,0.0
2053,deteriorate,1,0,1,0.0,0,1,0.0,0.0,1,0,1.0,0.0,0,1,0.0,0.0
2054,cyclohexane,18,0,18,0.0,0,18,0.0,0.0,18,0,1.0,0.0,0,18,0.0,0.0
2055,cyano-pyrimidine,2,0,2,0.0,0,2,0.0,0.0,2,0,1.0,0.0,0,2,0.0,0.0
2056,cyano-triazine,2,0,2,0.0,0,2,0.0,0.0,2,0,1.0,0.0,0,2,0.0,0.0
2057,coot,2,0,2,0.0,0,2,0.0,0.0,2,0,1.0,0.0,0,2,0.0,0.0
2058,2-cyano-pyrimidines,2,0,2,0.0,0,2,0.0,0.0,2,0,1.0,0.0,0,2,0.0,0.0
2059,issue,140,6,134,0.0429,5,135,0.0357,0.8333,140,0,1.0,28.0,3,137,0.0214,0.6
2060,1524-1527,2,0,2,0.0,0,2,0.0,0.0,2,0,1.0,0.0,0,2,0.0,0.0
2061,mpro-x1380,1,1,0,1.0,1,0,1.0,1.0,1,0,1.0,1.0,0,1,0.0,0.0
2062,selectivity,675,1,674,0.0015,1,674,0.0015,1.0,675,0,1.0,675.0,0,675,0.0,0.0
2063,prime,1,1,0,1.0,1,0,1.0,1.0,1,0,1.0,1.0,0,1,0.0,0.0
2064,sars-cov-2mpro,1,0,1,0.0,0,1,0.0,0.0,1,0,1.0,0.0,0,1,0.0,0.0
2065,zhang,150,6,144,0.04,6,144,0.04,1.0,150,0,1.0,25.0,6,144,0.04,1.0
2066,future,79,2,77,0.0253,2,77,0.0253,1.0,79,0,1.0,39.5,0,79,0.0,0.0
2067,proven,19,0,19,0.0,0,19,0.0,0.0,19,0,1.0,0.0,0,19,0.0,0.0
2068,cas,629,179,450,0.2846,169,460,0.2687,0.9441,629,0,1.0,3.7219,29,600,0.0461,0.1716
2069,82875-49-8,18,0,18,0.0,0,18,0.0,0.0,18,0,1.0,0.0,0,18,0.0,0.0
2070,n-boc,18,0,18,0.0,0,18,0.0,0.0,18,0,1.0,0.0,0,18,0.0,0.0
2071,sec,563,146,417,0.2593,114,449,0.2025,0.7808,563,0,1.0,4.9386,56,507,0.0995,0.4912
2072,tridentate,3,0,3,0.0,0,3,0.0,0.0,3,0,1.0,0.0,0,3,0.0,0.0
2073,utilizing,12,0,12,0.0,0,12,0.0,0.0,12,0,1.0,0.0,0,12,0.0,0.0
2074,nph,2,0,2,0.0,0,2,0.0,0.0,2,0,1.0,0.0,0,2,0.0,0.0
2075,analogy,49,1,48,0.0204,1,48,0.0204,1.0,49,0,1.0,49.0,1,48,0.0204,1.0
2076,stereocenter,15,0,15,0.0,0,15,0.0,0.0,15,0,1.0,0.0,0,15,0.0,0.0
2077,graph-based,61,2,59,0.0328,2,59,0.0328,1.0,61,0,1.0,30.5,0,61,0.0,0.0
2078,jan,107,26,81,0.243,24,83,0.2243,0.9231,107,0,1.0,4.4583,14,93,0.1308,0.5833
2079,jensen,61,2,59,0.0328,2,59,0.0328,1.0,61,0,1.0,30.5,0,61,0.0,0.0
2080,rsc,141,4,137,0.0284,1,140,0.0071,0.25,141,0,1.0,141.0,0,141,0.0,0.0
2081,articlelanding,14,1,13,0.0714,1,13,0.0714,1.0,14,0,1.0,14.0,0,14,0.0,0.0
2082,otherwise,42,3,39,0.0714,3,39,0.0714,1.0,42,0,1.0,14.0,0,42,0.0,0.0
2083,intervention,18,1,17,0.0556,1,17,0.0556,1.0,18,0,1.0,18.0,0,18,0.0,0.0
2084,accesibility,14,1,13,0.0714,1,13,0.0714,1.0,14,0,1.0,14.0,0,14,0.0,0.0
2085,heuristic,14,1,13,0.0714,1,13,0.0714,1.0,14,0,1.0,14.0,0,14,0.0,0.0
2086,hard-to-synthesize,14,1,13,0.0714,1,13,0.0714,1.0,14,0,1.0,14.0,0,14,0.0,0.0
2087,askcos,22,1,21,0.0455,1,21,0.0455,1.0,22,0,1.0,22.0,0,22,0.0,0.0
2088,precision,14,1,13,0.0714,1,13,0.0714,1.0,14,0,1.0,14.0,0,14,0.0,0.0
2089,referring,14,1,13,0.0714,1,13,0.0714,1.0,14,0,1.0,14.0,0,14,0.0,0.0
2090,molmatinf,232,2,230,0.0086,2,230,0.0086,1.0,232,0,1.0,116.0,2,230,0.0086,1.0
2091,covid19,272,2,270,0.0074,2,270,0.0074,1.0,272,0,1.0,136.0,2,270,0.0074,1.0
2092,li_pio_119,1,0,1,0.0,0,1,0.0,0.0,1,0,1.0,0.0,0,1,0.0,0.0
2093,li_pio_114,1,0,1,0.0,0,1,0.0,0.0,1,0,1.0,0.0,0,1,0.0,0.0
2094,determined,3,0,3,0.0,0,3,0.0,0.0,3,0,1.0,0.0,0,3,0.0,0.0
2095,978-3-319-60408-4_14,1,0,1,0.0,0,1,0.0,0.0,1,0,1.0,0.0,0,1,0.0,0.0
2096,c9dt01434a,1,0,1,0.0,0,1,0.0,0.0,1,0,1.0,0.0,0,1,0.0,0.0
2097,sdp,1,0,1,0.0,0,1,0.0,0.0,1,0,1.0,0.0,0,1,0.0,0.0
2098,phd,23,14,9,0.6087,14,9,0.6087,1.0,23,0,1.0,1.6429,3,20,0.1304,0.2143
2099,advisor,1,0,1,0.0,0,1,0.0,0.0,1,0,1.0,0.0,0,1,0.0,0.0
2100,purpose,29,0,29,0.0,0,29,0.0,0.0,29,0,1.0,0.0,0,29,0.0,0.0
2101,prone,18,3,15,0.1667,1,17,0.0556,0.3333,18,0,1.0,18.0,0,18,0.0,0.0
2102,predisposed,1,0,1,0.0,0,1,0.0,0.0,1,0,1.0,0.0,0,1,0.0,0.0
2103,establish,52,13,39,0.25,13,39,0.25,1.0,52,0,1.0,4.0,13,39,0.25,1.0
2104,unfortunately,1,0,1,0.0,0,1,0.0,0.0,1,0,1.0,0.0,0,1,0.0,0.0
2105,pathway,5,0,5,0.0,0,5,0.0,0.0,5,0,1.0,0.0,0,5,0.0,0.0
2106,soluble,9,0,9,0.0,0,9,0.0,0.0,9,0,1.0,0.0,0,9,0.0,0.0
2107,aqueous,23,1,22,0.0435,1,22,0.0435,1.0,23,0,1.0,23.0,1,22,0.0435,1.0
2108,dominant,21,3,18,0.1429,2,19,0.0952,0.6667,21,0,1.0,10.5,2,19,0.0952,1.0
2109,species,36,0,36,0.0,0,36,0.0,0.0,36,0,1.0,0.0,0,36,0.0,0.0
2110,suppdata,1,0,1,0.0,0,1,0.0,0.0,1,0,1.0,0.0,0,1,0.0,0.0
2111,c9dt01434a2,1,0,1,0.0,0,1,0.0,0.0,1,0,1.0,0.0,0,1,0.0,0.0
2112,cif,363,103,260,0.2837,100,263,0.2755,0.9709,363,0,1.0,3.63,23,340,0.0634,0.23
2113,xtal,2,1,1,0.5,1,1,0.5,1.0,2,0,1.0,2.0,1,1,0.5,1.0
2114,mpro-x0305,1,1,0,1.0,1,0,1.0,1.0,1,0,1.0,1.0,1,0,1.0,1.0
2115,mpro-x0770,1,1,0,1.0,1,0,1.0,1.0,1,0,1.0,1.0,1,0,1.0,1.0
2116,overlapped,6,1,5,0.1667,1,5,0.1667,1.0,6,0,1.0,6.0,1,5,0.1667,1.0
2117,switch,47,9,38,0.1915,2,45,0.0426,0.2222,47,0,1.0,23.5,2,45,0.0426,1.0
2118,facile,8,1,7,0.125,1,7,0.125,1.0,8,0,1.0,8.0,1,7,0.125,1.0
2119,net,463,62,401,0.1339,57,406,0.1231,0.9194,463,0,1.0,8.1228,41,422,0.0886,0.7193
2120,sulfur-reactive,2,2,0,1.0,2,0,1.0,1.0,2,0,1.0,1.0,0,2,0.0,0.0
2121,methylsulphonyl,9,0,9,0.0,0,9,0.0,0.0,9,0,1.0,0.0,0,9,0.0,0.0
2122,enhance,3055,17,3038,0.0056,17,3038,0.0056,1.0,3055,0,1.0,179.7059,12,3043,0.0039,0.7059
2123,co-locates,9,0,9,0.0,0,9,0.0,0.0,9,0,1.0,0.0,0,9,0.0,0.0
2124,bond-length,9,0,9,0.0,0,9,0.0,0.0,9,0,1.0,0.0,0,9,0.0,0.0
2125,away,45,2,43,0.0444,2,43,0.0444,1.0,45,0,1.0,22.5,2,43,0.0444,1.0
2126,connector,9,0,9,0.0,0,9,0.0,0.0,9,0,1.0,0.0,0,9,0.0,0.0
2127,useful,106,31,75,0.2925,29,77,0.2736,0.9355,106,0,1.0,3.6552,12,94,0.1132,0.4138
2128,3d-shape,11,0,11,0.0,0,11,0.0,0.0,11,0,1.0,0.0,0,11,0.0,0.0
2129,cycle,333,23,310,0.0691,16,317,0.048,0.6957,333,0,1.0,20.8125,15,318,0.045,0.9375
2130,favourite,9,0,9,0.0,0,9,0.0,0.0,9,0,1.0,0.0,0,9,0.0,0.0
2131,rigid-body,9,0,9,0.0,0,9,0.0,0.0,9,0,1.0,0.0,0,9,0.0,0.0
2132,8-9,43,5,38,0.1163,5,38,0.1163,1.0,43,0,1.0,8.6,0,43,0.0,0.0
2133,sequential,9,0,9,0.0,0,9,0.0,0.0,9,0,1.0,0.0,0,9,0.0,0.0
2134,easiest,15,0,15,0.0,0,15,0.0,0.0,15,0,1.0,0.0,0,15,0.0,0.0
2135,carboxy,281,12,269,0.0427,5,276,0.0178,0.4167,281,0,1.0,56.2,2,279,0.0071,0.4
2136,terminus,35,0,35,0.0,0,35,0.0,0.0,35,0,1.0,0.0,0,35,0.0,0.0
2137,react,1267,161,1106,0.1271,117,1150,0.0923,0.7267,1267,0,1.0,10.8291,45,1222,0.0355,0.3846
2138,stereospecific,9,0,9,0.0,0,9,0.0,0.0,9,0,1.0,0.0,0,9,0.0,0.0
2139,aggregated,18,2,16,0.1111,2,16,0.1111,1.0,18,0,1.0,9.0,0,18,0.0,0.0
2140,exponential,37,3,34,0.0811,3,34,0.0811,1.0,37,0,1.0,12.3333,0,37,0.0,0.0
2141,curve,18,2,16,0.1111,2,16,0.1111,1.0,18,0,1.0,9.0,0,18,0.0,0.0
2142,cancer,145,1,144,0.0069,1,144,0.0069,1.0,145,0,1.0,145.0,0,145,0.0,0.0
2143,chalcone,17,0,17,0.0,0,17,0.0,0.0,17,0,1.0,0.0,0,17,0.0,0.0
2144,resubmitting,18,2,16,0.1111,1,17,0.0556,0.5,18,0,1.0,18.0,0,18,0.0,0.0
2145,chalones,10,0,10,0.0,0,10,0.0,0.0,10,0,1.0,0.0,0,10,0.0,0.0
2146,affordable,10,0,10,0.0,0,10,0.0,0.0,10,0,1.0,0.0,0,10,0.0,0.0
2147,mail,191,25,166,0.1309,20,171,0.1047,0.8,191,0,1.0,9.55,6,185,0.0314,0.3
2148,ravidule,10,0,10,0.0,0,10,0.0,0.0,10,0,1.0,0.0,0,10,0.0,0.0
2149,gmial,10,0,10,0.0,0,10,0.0,0.0,10,0,1.0,0.0,0,10,0.0,0.0
2150,2-pyridone,1,0,1,0.0,0,1,0.0,0.0,1,0,1.0,0.0,0,1,0.0,0.0
2151,compund,5,0,5,0.0,0,5,0.0,0.0,5,0,1.0,0.0,0,5,0.0,0.0
2152,juxtaposition,2,0,2,0.0,0,2,0.0,0.0,2,0,1.0,0.0,0,2,0.0,0.0
2153,remain,92,16,76,0.1739,16,76,0.1739,1.0,92,0,1.0,5.75,1,91,0.0109,0.0625
2154,nitrated,2,0,2,0.0,0,2,0.0,0.0,2,0,1.0,0.0,0,2,0.0,0.0
2155,pyridyl-type,8,3,5,0.375,1,7,0.125,0.3333,8,0,1.0,8.0,0,8,0.0,0.0
2156,fragmenst,28,3,25,0.1071,1,27,0.0357,0.3333,28,0,1.0,28.0,0,28,0.0,0.0
2157,edge-face,8,3,5,0.375,1,7,0.125,0.3333,8,0,1.0,8.0,0,8,0.0,0.0
2158,n-methylacetamide,1,0,1,0.0,0,1,0.0,0.0,1,0,1.0,0.0,0,1,0.0,0.0
2159,non-acetylated,1,0,1,0.0,0,1,0.0,0.0,1,0,1.0,0.0,0,1,0.0,0.0
2160,predominant,20,3,17,0.15,2,18,0.1,0.6667,20,0,1.0,10.0,2,18,0.1,1.0
2161,preorganisation,1,0,1,0.0,0,1,0.0,0.0,1,0,1.0,0.0,0,1,0.0,0.0
2162,named,13,13,0,1.0,3,10,0.2308,0.2308,13,0,1.0,4.3333,0,13,0.0,0.0
2163,reliable,124,20,104,0.1613,9,115,0.0726,0.45,124,0,1.0,13.7778,5,119,0.0403,0.5556
2164,off-the-shelf,13,13,0,1.0,3,10,0.2308,0.2308,13,0,1.0,4.3333,0,13,0.0,0.0
2165,prohibits,13,13,0,1.0,3,10,0.2308,0.2308,13,0,1.0,4.3333,0,13,0.0,0.0
2166,brute-force,13,13,0,1.0,3,10,0.2308,0.2308,13,0,1.0,4.3333,0,13,0.0,0.0
2167,anchor-and-grow,13,13,0,1.0,3,10,0.2308,0.2308,13,0,1.0,4.3333,0,13,0.0,0.0
2168,circumvents,13,13,0,1.0,3,10,0.2308,0.2308,13,0,1.0,4.3333,0,13,0.0,0.0
2169,explosion,13,13,0,1.0,3,10,0.2308,0.2308,13,0,1.0,4.3333,0,13,0.0,0.0
2170,starting-points,13,13,0,1.0,3,10,0.2308,0.2308,13,0,1.0,4.3333,0,13,0.0,0.0
2171,mio,32,25,7,0.7812,15,17,0.4688,0.6,32,0,1.0,2.1333,4,28,0.125,0.2667
2172,deposited,13,13,0,1.0,3,10,0.2308,0.2308,13,0,1.0,4.3333,0,13,0.0,0.0
2173,biosolveit,18,13,5,0.7222,3,15,0.1667,0.2308,18,0,1.0,6.0,0,18,0.0,0.0
2174,665ce8c70e728a74b114f819b2429900061d9d92,13,13,0,1.0,3,10,0.2308,0.2308,13,0,1.0,4.3333,0,13,0.0,0.0
2175,correlation,13,13,0,1.0,3,10,0.2308,0.2308,13,0,1.0,4.3333,0,13,0.0,0.0
2176,brc1c,13,13,0,1.0,3,10,0.2308,0.2308,13,0,1.0,4.3333,0,13,0.0,0.0
2177,ant-ope-d97,1,1,0,1.0,1,0,1.0,1.0,1,0,1.0,1.0,0,1,0.0,0.0
2178,p-fluorobenzylpiperazine,1,1,0,1.0,1,0,1.0,1.0,1,0,1.0,1.0,0,1,0.0,0.0
2179,controlled,2,1,1,0.5,1,1,0.5,1.0,2,0,1.0,2.0,0,2,0.0,0.0
2180,apolar,9,5,4,0.5556,2,7,0.2222,0.4,9,0,1.0,4.5,2,7,0.2222,1.0
2181,petasis,13,5,8,0.3846,2,11,0.1538,0.4,13,0,1.0,6.5,2,11,0.1538,1.0
2182,reaction,332,111,221,0.3343,81,251,0.244,0.7297,332,0,1.0,4.0988,25,307,0.0753,0.3086
2183,benezene,9,5,4,0.5556,2,7,0.2222,0.4,9,0,1.0,4.5,2,7,0.2222,1.0
2184,boronic,28,5,23,0.1786,2,26,0.0714,0.4,28,0,1.0,14.0,2,26,0.0714,1.0
2185,arylboronic,9,5,4,0.5556,2,7,0.2222,0.4,9,0,1.0,4.5,2,7,0.2222,1.0
2186,n-monoprotected,9,5,4,0.5556,2,7,0.2222,0.4,9,0,1.0,4.5,2,7,0.2222,1.0
2187,siede,9,5,4,0.5556,2,7,0.2222,0.4,9,0,1.0,4.5,2,7,0.2222,1.0
2188,reaxys-marketed,2,1,1,0.5,1,1,0.5,1.0,2,0,1.0,2.0,0,2,0.0,0.0
2189,labeled,2,1,1,0.5,1,1,0.5,1.0,2,0,1.0,2.0,0,2,0.0,0.0
2190,reaxys,2,1,1,0.5,1,1,0.5,1.0,2,0,1.0,2.0,0,2,0.0,0.0
2191,sarafloxacin,1,1,0,1.0,1,0,1.0,1.0,1,0,1.0,1.0,0,1,0.0,0.0
2192,ethyl,1519,167,1352,0.1099,115,1404,0.0757,0.6886,1519,0,1.0,13.2087,89,1430,0.0586,0.7739
2193,biscoumacetate,1,0,1,0.0,0,1,0.0,0.0,1,0,1.0,0.0,0,1,0.0,0.0
2194,ethyl_biscoumacetate,1,0,1,0.0,0,1,0.0,0.0,1,0,1.0,0.0,0,1,0.0,0.0
2195,twist,7,4,3,0.5714,4,3,0.5714,1.0,7,0,1.0,1.75,3,4,0.4286,0.75
2196,rectification,3,2,1,0.6667,0,3,0.0,0.0,3,0,1.0,0.0,0,3,0.0,0.0
2197,vit-unk-2a0,3,2,1,0.6667,0,3,0.0,0.0,3,0,1.0,0.0,0,3,0.0,0.0
2198,drop-down,33,6,27,0.1818,3,30,0.0909,0.5,33,0,1.0,11.0,2,31,0.0606,0.6667
2199,editor,43,1,42,0.0233,1,42,0.0233,1.0,43,0,1.0,43.0,0,43,0.0,0.0
2200,imo,201,42,159,0.209,40,161,0.199,0.9524,201,0,1.0,5.025,26,175,0.1294,0.65
2201,priopiolamides,13,3,10,0.2308,1,12,0.0769,0.3333,13,0,1.0,13.0,0,13,0.0,0.0
2202,irreversible,70,3,67,0.0429,1,69,0.0143,0.3333,70,0,1.0,70.0,0,70,0.0,0.0
2203,102065-89-4,13,3,10,0.2308,1,12,0.0769,0.3333,13,0,1.0,13.0,0,13,0.0,0.0
2204,250275-15-1,13,3,10,0.2308,1,12,0.0769,0.3333,13,0,1.0,13.0,0,13,0.0,0.0
2205,60230-36-6,13,3,10,0.2308,1,12,0.0769,0.3333,13,0,1.0,13.0,0,13,0.0,0.0
2206,6-difluorobenzenesulfonyl,13,3,10,0.2308,1,12,0.0769,0.3333,13,0,1.0,13.0,0,13,0.0,0.0
2207,33252-28-7,13,3,10,0.2308,1,12,0.0769,0.3333,13,0,1.0,13.0,0,13,0.0,0.0
2208,6-chloro-3-pyridinecarbonitrile,13,3,10,0.2308,1,12,0.0769,0.3333,13,0,1.0,13.0,0,13,0.0,0.0
2209,biphenyl,13,3,10,0.2308,1,12,0.0769,0.3333,13,0,1.0,13.0,0,13,0.0,0.0
2210,17380-18-6,13,3,10,0.2308,1,12,0.0769,0.3333,13,0,1.0,13.0,0,13,0.0,0.0
2211,4kcal,1,0,1,0.0,0,1,0.0,0.0,1,0,1.0,0.0,0,1,0.0,0.0
2212,anchor,33,14,19,0.4242,3,30,0.0909,0.2143,33,0,1.0,11.0,0,33,0.0,0.0
2213,modelling,173,10,163,0.0578,8,165,0.0462,0.8,173,0,1.0,21.625,6,167,0.0347,0.75
2214,snug,2,0,2,0.0,0,2,0.0,0.0,2,0,1.0,0.0,0,2,0.0,0.0
2215,hopefully,6,2,4,0.3333,2,4,0.3333,1.0,6,0,1.0,3.0,2,4,0.3333,1.0
2216,gab-rev-4a4-20,1,0,1,0.0,0,1,0.0,0.0,1,0,1.0,0.0,0,1,0.0,0.0
2217,attemping,6,1,5,0.1667,1,5,0.1667,1.0,6,0,1.0,6.0,0,6,0.0,0.0
2218,toxic,209,31,178,0.1483,27,182,0.1292,0.871,209,0,1.0,7.7407,4,205,0.0191,0.1481
2219,vonoprazan,179,0,179,0.0,0,179,0.0,0.0,179,0,1.0,0.0,0,179,0.0,0.0
2220,zinc38138562,2,0,2,0.0,0,2,0.0,0.0,2,0,1.0,0.0,0,2,0.0,0.0
2221,zinc67911817,2,0,2,0.0,0,2,0.0,0.0,2,0,1.0,0.0,0,2,0.0,0.0
2222,pharmacophoric,22,1,21,0.0455,1,21,0.0455,1.0,22,0,1.0,22.0,0,22,0.0,0.0
2223,acount,2,0,2,0.0,0,2,0.0,0.0,2,0,1.0,0.0,0,2,0.0,0.0
2224,dock6,2,0,2,0.0,0,2,0.0,0.0,2,0,1.0,0.0,0,2,0.0,0.0
2225,zinc12,2,0,2,0.0,0,2,0.0,0.0,2,0,1.0,0.0,0,2,0.0,0.0
2226,confirm,173,106,67,0.6127,105,68,0.6069,0.9906,173,0,1.0,1.6476,94,79,0.5434,0.8952
2227,-35,56,2,54,0.0357,1,55,0.0179,0.5,56,0,1.0,56.0,1,55,0.0179,1.0
2228,-39,106,44,62,0.4151,36,70,0.3396,0.8182,106,0,1.0,2.9444,5,101,0.0472,0.1389
2229,quantum,78,3,75,0.0385,1,77,0.0128,0.3333,78,0,1.0,78.0,0,78,0.0,0.0
2230,biology,60,0,60,0.0,0,60,0.0,0.0,60,0,1.0,0.0,0,60,0.0,0.0
2231,virus-host,4,0,4,0.0,0,4,0.0,0.0,4,0,1.0,0.0,0,4,0.0,0.0
2232,norway,4,0,4,0.0,0,4,0.0,0.0,4,0,1.0,0.0,0,4,0.0,0.0
2233,sulfate,6,0,6,0.0,0,6,0.0,0.0,6,0,1.0,0.0,0,6,0.0,0.0
2234,mono,26,7,19,0.2692,2,24,0.0769,0.2857,26,0,1.0,13.0,2,24,0.0769,1.0
2235,di-phosphate,4,0,4,0.0,0,4,0.0,0.0,4,0,1.0,0.0,0,4,0.0,0.0
2236,losartan,4,0,4,0.0,0,4,0.0,0.0,4,0,1.0,0.0,0,4,0.0,0.0
2237,hng,4,0,4,0.0,0,4,0.0,0.0,4,0,1.0,0.0,0,4,0.0,0.0
2238,kong,4,0,4,0.0,0,4,0.0,0.0,4,0,1.0,0.0,0,4,0.0,0.0
2239,mainland,4,0,4,0.0,0,4,0.0,0.0,4,0,1.0,0.0,0,4,0.0,0.0
2240,ncov-sars,4,0,4,0.0,0,4,0.0,0.0,4,0,1.0,0.0,0,4,0.0,0.0
2241,belwo,4,0,4,0.0,0,4,0.0,0.0,4,0,1.0,0.0,0,4,0.0,0.0
2242,montelukast,13,0,13,0.0,0,13,0.0,0.0,13,0,1.0,0.0,0,13,0.0,0.0
2243,cl3,4,0,4,0.0,0,4,0.0,0.0,4,0,1.0,0.0,0,4,0.0,0.0
2244,ribavirin,22,0,22,0.0,0,22,0.0,0.0,22,0,1.0,0.0,0,22,0.0,0.0
2245,preventive,4,0,4,0.0,0,4,0.0,0.0,4,0,1.0,0.0,0,4,0.0,0.0
2246,whuan,4,0,4,0.0,0,4,0.0,0.0,4,0,1.0,0.0,0,4,0.0,0.0
2247,evodevoeco,4,0,4,0.0,0,4,0.0,0.0,4,0,1.0,0.0,0,4,0.0,0.0
2248,comparative,18,0,18,0.0,0,18,0.0,0.0,18,0,1.0,0.0,0,18,0.0,0.0
2249,framwework,4,0,4,0.0,0,4,0.0,0.0,4,0,1.0,0.0,0,4,0.0,0.0
2250,morover,4,0,4,0.0,0,4,0.0,0.0,4,0,1.0,0.0,0,4,0.0,0.0
2251,coevolved,4,0,4,0.0,0,4,0.0,0.0,4,0,1.0,0.0,0,4,0.0,0.0
2252,gmp,4,0,4,0.0,0,4,0.0,0.0,4,0,1.0,0.0,0,4,0.0,0.0
2253,isolated,36,28,8,0.7778,27,9,0.75,0.9643,36,0,1.0,1.3333,27,9,0.75,1.0
2254,purity,4,0,4,0.0,0,4,0.0,0.0,4,0,1.0,0.0,0,4,0.0,0.0
2255,staple,4,0,4,0.0,0,4,0.0,0.0,4,0,1.0,0.0,0,4,0.0,0.0
2256,biorests,4,0,4,0.0,0,4,0.0,0.0,4,0,1.0,0.0,0,4,0.0,0.0
2257,casp,4,0,4,0.0,0,4,0.0,0.0,4,0,1.0,0.0,0,4,0.0,0.0
2258,evodevo,4,0,4,0.0,0,4,0.0,0.0,4,0,1.0,0.0,0,4,0.0,0.0
2259,blind,12,0,12,0.0,0,12,0.0,0.0,12,0,1.0,0.0,0,12,0.0,0.0
2260,crossover,4,0,4,0.0,0,4,0.0,0.0,4,0,1.0,0.0,0,4,0.0,0.0
2261,factory,4,0,4,0.0,0,4,0.0,0.0,4,0,1.0,0.0,0,4,0.0,0.0
2262,lest,21,1,20,0.0476,0,21,0.0,0.0,21,0,1.0,0.0,0,21,0.0,0.0
2263,countries,5,0,5,0.0,0,5,0.0,0.0,5,0,1.0,0.0,0,5,0.0,0.0
2264,outbreak,4,0,4,0.0,0,4,0.0,0.0,4,0,1.0,0.0,0,4,0.0,0.0
2265,spain,4,0,4,0.0,0,4,0.0,0.0,4,0,1.0,0.0,0,4,0.0,0.0
2266,nacebo,4,0,4,0.0,0,4,0.0,0.0,4,0,1.0,0.0,0,4,0.0,0.0
2267,placebo,5,0,5,0.0,0,5,0.0,0.0,5,0,1.0,0.0,0,5,0.0,0.0
2268,offerd,4,0,4,0.0,0,4,0.0,0.0,4,0,1.0,0.0,0,4,0.0,0.0
2269,igm,17,4,13,0.2353,4,13,0.2353,1.0,17,0,1.0,4.25,0,17,0.0,0.0
2270,igg,9,0,9,0.0,0,9,0.0,0.0,9,0,1.0,0.0,0,9,0.0,0.0
2271,kits,4,0,4,0.0,0,4,0.0,0.0,4,0,1.0,0.0,0,4,0.0,0.0
2272,nes,2332,201,2131,0.0862,155,2177,0.0665,0.7711,2332,0,1.0,15.0452,130,2202,0.0557,0.8387
2273,evolution,32,0,32,0.0,0,32,0.0,0.0,32,0,1.0,0.0,0,32,0.0,0.0
2274,synbio,4,0,4,0.0,0,4,0.0,0.0,4,0,1.0,0.0,0,4,0.0,0.0
2275,glyosylation,4,0,4,0.0,0,4,0.0,0.0,4,0,1.0,0.0,0,4,0.0,0.0
2276,epitopes,4,0,4,0.0,0,4,0.0,0.0,4,0,1.0,0.0,0,4,0.0,0.0
2277,ncov,55,10,45,0.1818,7,48,0.1273,0.7,55,0,1.0,7.8571,0,55,0.0,0.0
2278,agenda,4,0,4,0.0,0,4,0.0,0.0,4,0,1.0,0.0,0,4,0.0,0.0
2279,mirrimax,4,0,4,0.0,0,4,0.0,0.0,4,0,1.0,0.0,0,4,0.0,0.0
2280,sgi_translation-2019-06-21t16,4,0,4,0.0,0,4,0.0,0.0,4,0,1.0,0.0,0,4,0.0,0.0
2281,818z,4,0,4,0.0,0,4,0.0,0.0,4,0,1.0,0.0,0,4,0.0,0.0
2282,gctcattgcagtctgcgtgctcatgct,4,0,4,0.0,0,4,0.0,0.0,4,0,1.0,0.0,0,4,0.0,0.0
2283,nosarscovid,4,0,4,0.0,0,4,0.0,0.0,4,0,1.0,0.0,0,4,0.0,0.0
2284,acute,4,0,4,0.0,0,4,0.0,0.0,4,0,1.0,0.0,0,4,0.0,0.0
2285,nitric,4,0,4,0.0,0,4,0.0,0.0,4,0,1.0,0.0,0,4,0.0,0.0
2286,oxide,51,1,50,0.0196,1,50,0.0196,1.0,51,0,1.0,51.0,1,50,0.0196,1.0
2287,inhalation,4,0,4,0.0,0,4,0.0,0.0,4,0,1.0,0.0,0,4,0.0,0.0
2288,therapy,5,0,5,0.0,0,5,0.0,0.0,5,0,1.0,0.0,0,5,0.0,0.0
2289,mechanically,4,0,4,0.0,0,4,0.0,0.0,4,0,1.0,0.0,0,4,0.0,0.0
2290,ventilated,4,0,4,0.0,0,4,0.0,0.0,4,0,1.0,0.0,0,4,0.0,0.0
2291,severe,33,0,33,0.0,0,33,0.0,0.0,33,0,1.0,0.0,0,33,0.0,0.0
2292,caused,6,2,4,0.3333,2,4,0.3333,1.0,6,0,1.0,3.0,1,5,0.1667,0.5
2293,randomized,5,0,5,0.0,0,5,0.0,0.0,5,0,1.0,0.0,0,5,0.0,0.0
2294,indirect,7,0,7,0.0,0,7,0.0,0.0,7,0,1.0,0.0,0,7,0.0,0.0
2295,mesures,4,0,4,0.0,0,4,0.0,0.0,4,0,1.0,0.0,0,4,0.0,0.0
2296,inducible,4,0,4,0.0,0,4,0.0,0.0,4,0,1.0,0.0,0,4,0.0,0.0
2297,necessarily,25,3,22,0.12,3,22,0.12,1.0,25,0,1.0,8.3333,3,22,0.12,1.0
2298,production,4,0,4,0.0,0,4,0.0,0.0,4,0,1.0,0.0,0,4,0.0,0.0
2299,-virion,4,0,4,0.0,0,4,0.0,0.0,4,0,1.0,0.0,0,4,0.0,0.0
2300,systemsbiology,4,0,4,0.0,0,4,0.0,0.0,4,0,1.0,0.0,0,4,0.0,0.0
2301,systemic,4,0,4,0.0,0,4,0.0,0.0,4,0,1.0,0.0,0,4,0.0,0.0
2302,producing,34,0,34,0.0,0,34,0.0,0.0,34,0,1.0,0.0,0,34,0.0,0.0
2303,antibodies,4,0,4,0.0,0,4,0.0,0.0,4,0,1.0,0.0,0,4,0.0,0.0
2304,immonogold,4,0,4,0.0,0,4,0.0,0.0,4,0,1.0,0.0,0,4,0.0,0.0
2305,rely,65,0,65,0.0,0,65,0.0,0.0,65,0,1.0,0.0,0,65,0.0,0.0
2306,mechanism,16,0,16,0.0,0,16,0.0,0.0,16,0,1.0,0.0,0,16,0.0,0.0
2307,situ,50,5,45,0.1,5,45,0.1,1.0,50,0,1.0,10.0,4,46,0.08,0.8
2308,detection,4,0,4,0.0,0,4,0.0,0.0,4,0,1.0,0.0,0,4,0.0,0.0
2309,biopsies,4,0,4,0.0,0,4,0.0,0.0,4,0,1.0,0.0,0,4,0.0,0.0
2310,microscopic,4,0,4,0.0,0,4,0.0,0.0,4,0,1.0,0.0,0,4,0.0,0.0
2311,spectroscopic,4,0,4,0.0,0,4,0.0,0.0,4,0,1.0,0.0,0,4,0.0,0.0
2312,tehniques,4,0,4,0.0,0,4,0.0,0.0,4,0,1.0,0.0,0,4,0.0,0.0
2313,forensics,4,0,4,0.0,0,4,0.0,0.0,4,0,1.0,0.0,0,4,0.0,0.0
2314,scaling,4,0,4,0.0,0,4,0.0,0.0,4,0,1.0,0.0,0,4,0.0,0.0
2315,experiements,4,0,4,0.0,0,4,0.0,0.0,4,0,1.0,0.0,0,4,0.0,0.0
2316,vitro,62,0,62,0.0,0,62,0.0,0.0,62,0,1.0,0.0,0,62,0.0,0.0
2317,immunogold,4,0,4,0.0,0,4,0.0,0.0,4,0,1.0,0.0,0,4,0.0,0.0
2318,grade,34,0,34,0.0,0,34,0.0,0.0,34,0,1.0,0.0,0,34,0.0,0.0
2319,cystine,1,0,1,0.0,0,1,0.0,0.0,1,0,1.0,0.0,0,1,0.0,0.0
2320,hexagons,5,0,5,0.0,0,5,0.0,0.0,5,0,1.0,0.0,0,5,0.0,0.0
2321,pipeline,27,0,27,0.0,0,27,0.0,0.0,27,0,1.0,0.0,0,27,0.0,0.0
2322,routinely,11,0,11,0.0,0,11,0.0,0.0,11,0,1.0,0.0,0,11,0.0,0.0
2323,1-2,160,14,146,0.0875,13,147,0.0812,0.9286,160,0,1.0,12.3077,12,148,0.075,0.9231
2324,spacer,4,0,4,0.0,0,4,0.0,0.0,4,0,1.0,0.0,0,4,0.0,0.0
2325,occupies,9,0,9,0.0,0,9,0.0,0.0,9,0,1.0,0.0,0,9,0.0,0.0
2326,semi-hydrophobic,1,0,1,0.0,0,1,0.0,0.0,1,0,1.0,0.0,0,1,0.0,0.0
2327,satisfies,1,0,1,0.0,0,1,0.0,0.0,1,0,1.0,0.0,0,1,0.0,0.0
2328,remainder,1,0,1,0.0,0,1,0.0,0.0,1,0,1.0,0.0,0,1,0.0,0.0
2329,simplified,5,0,5,0.0,0,5,0.0,0.0,5,0,1.0,0.0,0,5,0.0,0.0
2330,intended,213,9,204,0.0423,7,206,0.0329,0.7778,213,0,1.0,30.4286,7,206,0.0329,1.0
2331,array,1,0,1,0.0,0,1,0.0,0.0,1,0,1.0,0.0,0,1,0.0,0.0
2332,subsitutents,1,0,1,0.0,0,1,0.0,0.0,1,0,1.0,0.0,0,1,0.0,0.0
2333,glucocorticoids,2,0,2,0.0,0,2,0.0,0.0,2,0,1.0,0.0,0,2,0.0,0.0
2334,snapshot,19,1,18,0.0526,0,19,0.0,0.0,19,0,1.0,0.0,0,19,0.0,0.0
2335,95a6097f-7be1-4ad1-808c-b959f06f6929,6,1,5,0.1667,0,6,0.0,0.0,6,0,1.0,0.0,0,6,0.0,0.0
2336,trans,687,38,649,0.0553,21,666,0.0306,0.5526,687,0,1.0,32.7143,18,669,0.0262,0.8571
2337,difference,26,4,22,0.1538,4,22,0.1538,1.0,26,0,1.0,6.5,4,22,0.1538,1.0
2338,solubilisation,3,2,1,0.6667,0,3,0.0,0.0,3,0,1.0,0.0,0,3,0.0,0.0
2339,orientate,1,0,1,0.0,0,1,0.0,0.0,1,0,1.0,0.0,0,1,0.0,0.0
2340,smck-002,1,1,0,1.0,0,1,0.0,0.0,1,0,1.0,0.0,0,1,0.0,0.0
2341,smck-003,1,0,1,0.0,0,1,0.0,0.0,1,0,1.0,0.0,0,1,0.0,0.0
2342,cyp450s,3,0,3,0.0,0,3,0.0,0.0,3,0,1.0,0.0,0,3,0.0,0.0
2343,smck-004,1,0,1,0.0,0,1,0.0,0.0,1,0,1.0,0.0,0,1,0.0,0.0
2344,pyrimidyl,1,0,1,0.0,0,1,0.0,0.0,1,0,1.0,0.0,0,1,0.0,0.0
2345,smck-005,1,0,1,0.0,0,1,0.0,0.0,1,0,1.0,0.0,0,1,0.0,0.0
2346,smck-006,1,0,1,0.0,0,1,0.0,0.0,1,0,1.0,0.0,0,1,0.0,0.0
2347,smck-007,1,0,1,0.0,0,1,0.0,0.0,1,0,1.0,0.0,0,1,0.0,0.0
2348,smck-008,1,0,1,0.0,0,1,0.0,0.0,1,0,1.0,0.0,0,1,0.0,0.0
2349,3-4,172,3,169,0.0174,0,172,0.0,0.0,172,0,1.0,0.0,0,172,0.0,0.0
2350,avaialable,10,3,7,0.3,0,10,0.0,0.0,10,0,1.0,0.0,0,10,0.0,0.0
2351,indole-7-carboxaldehyde,10,3,7,0.3,0,10,0.0,0.0,10,0,1.0,0.0,0,10,0.0,0.0
2352,fluor,689,59,630,0.0856,43,646,0.0624,0.7288,689,0,1.0,16.0233,33,656,0.0479,0.7674
2353,ommited,10,3,7,0.3,0,10,0.0,0.0,10,0,1.0,0.0,0,10,0.0,0.0
2354,simplify,33,3,30,0.0909,0,33,0.0,0.0,33,0,1.0,0.0,0,33,0.0,0.0
2355,n-methylindoles,10,3,7,0.3,0,10,0.0,0.0,10,0,1.0,0.0,0,10,0.0,0.0
2356,smck-009,1,0,1,0.0,0,1,0.0,0.0,1,0,1.0,0.0,0,1,0.0,0.0
2357,solubiliser,2,1,1,0.5,0,2,0.0,0.0,2,0,1.0,0.0,0,2,0.0,0.0
2358,accept,492,55,437,0.1118,40,452,0.0813,0.7273,492,0,1.0,12.3,23,469,0.0467,0.575
2359,histidine,55,3,52,0.0545,1,54,0.0182,0.3333,55,0,1.0,55.0,0,55,0.0,0.0
2360,alkene,11,1,10,0.0909,0,11,0.0,0.0,11,0,1.0,0.0,0,11,0.0,0.0
2361,smck-011,1,1,0,1.0,0,1,0.0,0.0,1,0,1.0,0.0,0,1,0.0,0.0
2362,reversible,141,7,134,0.0496,5,136,0.0355,0.7143,141,0,1.0,28.2,4,137,0.0284,0.8
2363,smck-013,1,0,1,0.0,0,1,0.0,0.0,1,0,1.0,0.0,0,1,0.0,0.0
2364,isocyanate,1,0,1,0.0,0,1,0.0,0.0,1,0,1.0,0.0,0,1,0.0,0.0
2365,smck-014,1,0,1,0.0,0,1,0.0,0.0,1,0,1.0,0.0,0,1,0.0,0.0
2366,smck-015,1,1,0,1.0,0,1,0.0,0.0,1,0,1.0,0.0,0,1,0.0,0.0
2367,smck-016,1,1,0,1.0,0,1,0.0,0.0,1,0,1.0,0.0,0,1,0.0,0.0
2368,beta,138,36,102,0.2609,25,113,0.1812,0.6944,138,0,1.0,5.52,16,122,0.1159,0.64
2369,lactam,258,53,205,0.2054,34,224,0.1318,0.6415,258,0,1.0,7.5882,21,237,0.0814,0.6176
2370,smck-017,1,0,1,0.0,0,1,0.0,0.0,1,0,1.0,0.0,0,1,0.0,0.0
2371,smck-018,1,1,0,1.0,0,1,0.0,0.0,1,0,1.0,0.0,0,1,0.0,0.0
2372,utilised,2,1,1,0.5,0,2,0.0,0.0,2,0,1.0,0.0,0,2,0.0,0.0
2373,smck-019,1,0,1,0.0,0,1,0.0,0.0,1,0,1.0,0.0,0,1,0.0,0.0
2374,valuable,1,0,1,0.0,0,1,0.0,0.0,1,0,1.0,0.0,0,1,0.0,0.0
2375,micheal,1,0,1,0.0,0,1,0.0,0.0,1,0,1.0,0.0,0,1,0.0,0.0
2376,smck-020,1,0,1,0.0,0,1,0.0,0.0,1,0,1.0,0.0,0,1,0.0,0.0
2377,751a2458-4d70-431d-ad9e-3151895919bc,8,0,8,0.0,0,8,0.0,0.0,8,0,1.0,0.0,0,8,0.0,0.0
2378,availability,150,13,137,0.0867,6,144,0.04,0.4615,150,0,1.0,25.0,2,148,0.0133,0.3333
2379,cyanophenyl,1,0,1,0.0,0,1,0.0,0.0,1,0,1.0,0.0,0,1,0.0,0.0
2380,smck-021,1,0,1,0.0,0,1,0.0,0.0,1,0,1.0,0.0,0,1,0.0,0.0
2381,creation,7,2,5,0.2857,2,5,0.2857,1.0,7,0,1.0,3.5,0,7,0.0,0.0
2382,click-chemistry,7,2,5,0.2857,2,5,0.2857,1.0,7,0,1.0,3.5,0,7,0.0,0.0
2383,ant-ste-dbb,7,2,5,0.2857,2,5,0.2857,1.0,7,0,1.0,3.5,0,7,0.0,0.0
2384,borderline,7,2,5,0.2857,2,5,0.2857,1.0,7,0,1.0,3.5,0,7,0.0,0.0
2385,biocompatibility,7,2,5,0.2857,2,5,0.2857,1.0,7,0,1.0,3.5,0,7,0.0,0.0
2386,drawn,34,3,31,0.0882,3,31,0.0882,1.0,34,0,1.0,11.3333,1,33,0.0294,0.3333
2387,oragnoselenium,16,0,16,0.0,0,16,0.0,0.0,16,0,1.0,0.0,0,16,0.0,0.0
2388,antioxidant,16,0,16,0.0,0,16,0.0,0.0,16,0,1.0,0.0,0,16,0.0,0.0
2389,glutathione,16,0,16,0.0,0,16,0.0,0.0,16,0,1.0,0.0,0,16,0.0,0.0
2390,peroxidase,16,0,16,0.0,0,16,0.0,0.0,16,0,1.0,0.0,0,16,0.0,0.0
2391,mimetic,53,8,45,0.1509,6,47,0.1132,0.75,53,0,1.0,8.8333,2,51,0.0377,0.3333
2392,ebselen,16,0,16,0.0,0,16,0.0,0.0,16,0,1.0,0.0,0,16,0.0,0.0
2393,inhibit,2529,141,2388,0.0558,126,2403,0.0498,0.8936,2529,0,1.0,20.0714,80,2449,0.0316,0.6349
2394,helicase,16,0,16,0.0,0,16,0.0,0.0,16,0,1.0,0.0,0,16,0.0,0.0
2395,hepatitis,16,0,16,0.0,0,16,0.0,0.0,16,0,1.0,0.0,0,16,0.0,0.0
2396,capsid,17,0,17,0.0,0,17,0.0,0.0,17,0,1.0,0.0,0,17,0.0,0.0
2397,replication,64,0,64,0.0,0,64,0.0,0.0,64,0,1.0,0.0,0,64,0.0,0.0
2398,descovery,16,0,16,0.0,0,16,0.0,0.0,16,0,1.0,0.0,0,16,0.0,0.0
2399,mentions,16,0,16,0.0,0,16,0.0,0.0,16,0,1.0,0.0,0,16,0.0,0.0
2400,dyad,16,0,16,0.0,0,16,0.0,0.0,16,0,1.0,0.0,0,16,0.0,0.0
2401,regard,71,5,66,0.0704,1,70,0.0141,0.2,71,0,1.0,71.0,1,70,0.0141,1.0
2402,abh-hoe-1cb,3,0,3,0.0,0,3,0.0,0.0,3,0,1.0,0.0,0,3,0.0,0.0
2403,6y2e,90,2,88,0.0222,2,88,0.0222,1.0,90,0,1.0,45.0,2,88,0.0222,1.0
2404,approximate,296,15,281,0.0507,15,281,0.0507,1.0,296,0,1.0,19.7333,10,286,0.0338,0.6667
2405,sitehound,3,0,3,0.0,0,3,0.0,0.0,3,0,1.0,0.0,0,3,0.0,0.0
2406,posssible,3,0,3,0.0,0,3,0.0,0.0,3,0,1.0,0.0,0,3,0.0,0.0
2407,qualifying,3,0,3,0.0,0,3,0.0,0.0,3,0,1.0,0.0,0,3,0.0,0.0
2408,xyz,3,0,3,0.0,0,3,0.0,0.0,3,0,1.0,0.0,0,3,0.0,0.0
2409,restricting,12,0,12,0.0,0,12,0.0,0.0,12,0,1.0,0.0,0,12,0.0,0.0
2410,radius,3,0,3,0.0,0,3,0.0,0.0,3,0,1.0,0.0,0,3,0.0,0.0
2411,perturbing,3,0,3,0.0,0,3,0.0,0.0,3,0,1.0,0.0,0,3,0.0,0.0
2412,rotation,59,14,45,0.2373,13,46,0.2203,0.9286,59,0,1.0,4.5385,13,46,0.2203,1.0
2413,translation,82,12,70,0.1463,12,70,0.1463,1.0,82,0,1.0,6.8333,12,70,0.1463,1.0
2414,interface_delta,124,3,121,0.0242,0,124,0.0,0.0,124,0,1.0,0.0,0,124,0.0,0.0
2415,sorted,102,0,102,0.0,0,102,0.0,0.0,102,0,1.0,0.0,0,102,0.0,0.0
2416,n-term,48,0,48,0.0,0,48,0.0,0.0,48,0,1.0,0.0,0,48,0.0,0.0
2417,m49,19,0,19,0.0,0,19,0.0,0.0,19,0,1.0,0.0,0,19,0.0,0.0
2418,f140,3,0,3,0.0,0,3,0.0,0.0,3,0,1.0,0.0,0,3,0.0,0.0
2419,c-term,13,0,13,0.0,0,13,0.0,0.0,13,0,1.0,0.0,0,13,0.0,0.0
2420,l167,11,0,11,0.0,0,11,0.0,0.0,11,0,1.0,0.0,0,11,0.0,0.0
2421,f185,3,0,3,0.0,0,3,0.0,0.0,3,0,1.0,0.0,0,3,0.0,0.0
2422,v186,3,0,3,0.0,0,3,0.0,0.0,3,0,1.0,0.0,0,3,0.0,0.0
2423,arg,2435,161,2274,0.0661,124,2311,0.0509,0.7702,2435,0,1.0,19.6371,72,2363,0.0296,0.5806
2424,buries,18,2,16,0.1111,0,18,0.0,0.0,18,0,1.0,0.0,0,18,0.0,0.0
2425,judging,7,0,7,0.0,0,7,0.0,0.0,7,0,1.0,0.0,0,7,0.0,0.0
2426,pub,252,24,228,0.0952,21,231,0.0833,0.875,252,0,1.0,12.0,18,234,0.0714,0.8571
2427,freeware,7,0,7,0.0,0,7,0.0,0.0,7,0,1.0,0.0,0,7,0.0,0.0
2428,molsoftbrowser,7,0,7,0.0,0,7,0.0,0.0,7,0,1.0,0.0,0,7,0.0,0.0
2429,mpro-x1336,1,0,1,0.0,0,1,0.0,0.0,1,0,1.0,0.0,0,1,0.0,0.0
2430,mpro-x0161,1,0,1,0.0,0,1,0.0,0.0,1,0,1.0,0.0,0,1,0.0,0.0
2431,mpro-x0540,1,0,1,0.0,0,1,0.0,0.0,1,0,1.0,0.0,0,1,0.0,0.0
2432,3cl-pro,39,1,38,0.0256,1,38,0.0256,1.0,39,0,1.0,39.0,0,39,0.0,0.0
2433,successful,325,9,316,0.0277,8,317,0.0246,0.8889,325,0,1.0,40.625,2,323,0.0062,0.25
2434,entrance,1,0,1,0.0,0,1,0.0,0.0,1,0,1.0,0.0,0,1,0.0,0.0
2435,display,89,2,87,0.0225,2,87,0.0225,1.0,89,0,1.0,44.5,2,87,0.0225,1.0
2436,precise,1,0,1,0.0,0,1,0.0,0.0,1,0,1.0,0.0,0,1,0.0,0.0
2437,accuracy,17,0,17,0.0,0,17,0.0,0.0,17,0,1.0,0.0,0,17,0.0,0.0
2438,duration,1,0,1,0.0,0,1,0.0,0.0,1,0,1.0,0.0,0,1,0.0,0.0
2439,cytosine,5,0,5,0.0,0,5,0.0,0.0,5,0,1.0,0.0,0,5,0.0,0.0
2440,33e8072d-50cb-410d-825f-1ea1dc27bea8,5,0,5,0.0,0,5,0.0,0.0,5,0,1.0,0.0,0,5,0.0,0.0
2441,stu-cha-6ca,4,2,2,0.5,0,4,0.0,0.0,4,0,1.0,0.0,0,4,0.0,0.0
2442,piperazinone,1,1,0,1.0,0,1,0.0,0.0,1,0,1.0,0.0,0,1,0.0,0.0
2443,thr,755,272,483,0.3603,240,515,0.3179,0.8824,755,0,1.0,3.1458,155,600,0.2053,0.6458
2444,n-o,21,16,5,0.7619,9,12,0.4286,0.5625,21,0,1.0,2.3333,2,19,0.0952,0.2222
2445,o-n,12,3,9,0.25,1,11,0.0833,0.3333,12,0,1.0,12.0,1,11,0.0833,1.0
2446,cov,6297,340,5957,0.054,230,6067,0.0365,0.6765,6297,0,1.0,27.3783,115,6182,0.0183,0.5
2447,cf2h,4,1,3,0.25,0,4,0.0,0.0,4,0,1.0,0.0,0,4,0.0,0.0
2448,spiro,66,8,58,0.1212,1,65,0.0152,0.125,66,0,1.0,66.0,1,65,0.0152,1.0
2449,arg188,3,1,2,0.3333,0,3,0.0,0.0,3,0,1.0,0.0,0,3,0.0,0.0
2450,nh-o,2,1,1,0.5,0,2,0.0,0.0,2,0,1.0,0.0,0,2,0.0,0.0
2451,s-nh2,1,1,0,1.0,0,1,0.0,0.0,1,0,1.0,0.0,0,1,0.0,0.0
2452,gly166,1,0,1,0.0,0,1,0.0,0.0,1,0,1.0,0.0,0,1,0.0,0.0
2453,pendent,162,8,154,0.0494,4,158,0.0247,0.5,162,0,1.0,40.5,0,162,0.0,0.0
2454,additonal,1,1,0,1.0,0,1,0.0,0.0,1,0,1.0,0.0,0,1,0.0,0.0
2455,nh-c,1,1,0,1.0,0,1,0.0,0.0,1,0,1.0,0.0,0,1,0.0,0.0
2456,o-nh,1,1,0,1.0,0,1,0.0,0.0,1,0,1.0,0.0,0,1,0.0,0.0
2457,gab-rev-df6-19,25,0,25,0.0,0,25,0.0,0.0,25,0,1.0,0.0,0,25,0.0,0.0
2458,active-covalent,100,0,100,0.0,0,100,0.0,0.0,100,0,1.0,0.0,0,100,0.0,0.0
2459,stu-cha-073,2,0,2,0.0,0,2,0.0,0.0,2,0,1.0,0.0,0,2,0.0,0.0
2460,exploit,43,18,25,0.4186,8,35,0.186,0.4444,43,0,1.0,5.375,5,38,0.1163,0.625
2461,pyridone,45,2,43,0.0444,1,44,0.0222,0.5,45,0,1.0,45.0,1,44,0.0222,1.0
2462,modest,1,1,0,1.0,0,1,0.0,0.0,1,0,1.0,0.0,0,1,0.0,0.0
2463,n-et,16,1,15,0.0625,0,16,0.0,0.0,16,0,1.0,0.0,0,16,0.0,0.0
2464,amine-pyridine,1,1,0,1.0,0,1,0.0,0.0,1,0,1.0,0.0,0,1,0.0,0.0
2465,rai-nov-c18-2,36,0,36,0.0,0,36,0.0,0.0,36,0,1.0,0.0,0,36,0.0,0.0
2466,occurred,1,0,1,0.0,0,1,0.0,0.0,1,0,1.0,0.0,0,1,0.0,0.0
2467,placement,557,179,378,0.3214,126,431,0.2262,0.7039,557,0,1.0,4.4206,105,452,0.1885,0.8333
2468,antidepressants,1,0,1,0.0,0,1,0.0,0.0,1,0,1.0,0.0,0,1,0.0,0.0
2469,imipramine,1,0,1,0.0,0,1,0.0,0.0,1,0,1.0,0.0,0,1,0.0,0.0
2470,trans-gauche,1,0,1,0.0,0,1,0.0,0.0,1,0,1.0,0.0,0,1,0.0,0.0
2471,conformer,385,1,384,0.0026,1,384,0.0026,1.0,385,0,1.0,385.0,0,385,0.0,0.0
2472,hence,73,0,73,0.0,0,73,0.0,0.0,73,0,1.0,0.0,0,73,0.0,0.0
2473,participation,1,0,1,0.0,0,1,0.0,0.0,1,0,1.0,0.0,0,1,0.0,0.0
2474,capability,1,0,1,0.0,0,1,0.0,0.0,1,0,1.0,0.0,0,1,0.0,0.0
2475,relevant,115,11,104,0.0957,0,115,0.0,0.0,115,0,1.0,0.0,0,115,0.0,0.0
2476,unacceptable,1,0,1,0.0,0,1,0.0,0.0,1,0,1.0,0.0,0,1,0.0,0.0
2477,hartree,1,0,1,0.0,0,1,0.0,0.0,1,0,1.0,0.0,0,1,0.0,0.0
2478,realistic,1,0,1,0.0,0,1,0.0,0.0,1,0,1.0,0.0,0,1,0.0,0.0
2479,bigger,5,0,5,0.0,0,5,0.0,0.0,5,0,1.0,0.0,0,5,0.0,0.0
2480,c20h24n2o,1,0,1,0.0,0,1,0.0,0.0,1,0,1.0,0.0,0,1,0.0,0.0
2481,dipole,1,0,1,0.0,0,1,0.0,0.0,1,0,1.0,0.0,0,1,0.0,0.0
2482,41d,1,0,1,0.0,0,1,0.0,0.0,1,0,1.0,0.0,0,1,0.0,0.0
2483,370a2,1,0,1,0.0,0,1,0.0,0.0,1,0,1.0,0.0,0,1,0.0,0.0
2484,350a3,1,0,1,0.0,0,1,0.0,0.0,1,0,1.0,0.0,0,1,0.0,0.0
2485,ovality,1,0,1,0.0,0,1,0.0,0.0,1,0,1.0,0.0,0,1,0.0,0.0
2486,polarizability,1,0,1,0.0,0,1,0.0,0.0,1,0,1.0,0.0,0,1,0.0,0.0
2487,-nh,25,2,23,0.08,0,25,0.0,0.0,25,0,1.0,0.0,0,25,0.0,0.0
2488,hydrogen-bonding,4,0,4,0.0,0,4,0.0,0.0,4,0,1.0,0.0,0,4,0.0,0.0
2489,histidine-80,2,0,2,0.0,0,2,0.0,0.0,2,0,1.0,0.0,0,2,0.0,0.0
2490,asparagine-63,1,0,1,0.0,0,1,0.0,0.0,1,0,1.0,0.0,0,1,0.0,0.0
2491,h2o,19,0,19,0.0,0,19,0.0,0.0,19,0,1.0,0.0,0,19,0.0,0.0
2492,cannot,6,0,6,0.0,0,6,0.0,0.0,6,0,1.0,0.0,0,6,0.0,0.0
2493,prior,348,27,321,0.0776,17,331,0.0489,0.6296,348,0,1.0,20.4706,2,346,0.0057,0.1176
2494,sub-regions,1,0,1,0.0,0,1,0.0,0.0,1,0,1.0,0.0,0,1,0.0,0.0
2495,ser,5085,197,4888,0.0387,149,4936,0.0293,0.7563,5085,0,1.0,34.1275,97,4988,0.0191,0.651
2496,sub-pocket,13,0,13,0.0,0,13,0.0,0.0,13,0,1.0,0.0,0,13,0.0,0.0
2497,leu,38,6,32,0.1579,6,32,0.1579,1.0,38,0,1.0,6.3333,5,33,0.1316,0.8333
2498,gly,3123,21,3102,0.0067,14,3109,0.0045,0.6667,3123,0,1.0,223.0714,8,3115,0.0026,0.5714
2499,judged,1,0,1,0.0,0,1,0.0,0.0,1,0,1.0,0.0,0,1,0.0,0.0
2500,meta-positioned,1,0,1,0.0,0,1,0.0,0.0,1,0,1.0,0.0,0,1,0.0,0.0
2501,ne2,20,12,8,0.6,12,8,0.6,1.0,20,0,1.0,1.6667,12,8,0.6,1.0
2502,peripheral,1,0,1,0.0,0,1,0.0,0.0,1,0,1.0,0.0,0,1,0.0,0.0
2503,glutamic,3,0,3,0.0,0,3,0.0,0.0,3,0,1.0,0.0,0,3,0.0,0.0
2504,acid-55,1,0,1,0.0,0,1,0.0,0.0,1,0,1.0,0.0,0,1,0.0,0.0
2505,ger-uni-ec7-1,36,3,33,0.0833,3,33,0.0833,1.0,36,0,1.0,12.0,0,36,0.0,0.0
2506,chelating,8,0,8,0.0,0,8,0.0,0.0,8,0,1.0,0.0,0,8,0.0,0.0
2507,planarity,36,5,31,0.1389,5,31,0.1389,1.0,36,0,1.0,7.2,5,31,0.1389,1.0
2508,relation,156,21,135,0.1346,8,148,0.0513,0.381,156,0,1.0,19.5,5,151,0.0321,0.625
2509,capable,7,0,7,0.0,0,7,0.0,0.0,7,0,1.0,0.0,0,7,0.0,0.0
2510,assembly,8,0,8,0.0,0,8,0.0,0.0,8,0,1.0,0.0,0,8,0.0,0.0
2511,carbonic,7,0,7,0.0,0,7,0.0,0.0,7,0,1.0,0.0,0,7,0.0,0.0
2512,swap,65,5,60,0.0769,3,62,0.0462,0.6,65,0,1.0,21.6667,3,62,0.0462,1.0
2513,trifunctionalized,7,0,7,0.0,0,7,0.0,0.0,7,0,1.0,0.0,0,7,0.0,0.0
2514,infectious,55,0,55,0.0,0,55,0.0,0.0,55,0,1.0,0.0,0,55,0.0,0.0
2515,tyrosine,51,1,50,0.0196,1,50,0.0196,1.0,51,0,1.0,51.0,0,51,0.0,0.0
2516,enoyl,13,0,13,0.0,0,13,0.0,0.0,13,0,1.0,0.0,0,13,0.0,0.0
2517,acp,13,0,13,0.0,0,13,0.0,0.0,13,0,1.0,0.0,0,13,0.0,0.0
2518,reductase,13,0,13,0.0,0,13,0.0,0.0,13,0,1.0,0.0,0,13,0.0,0.0
2519,curated,50,2,48,0.04,2,48,0.04,1.0,50,0,1.0,25.0,0,50,0.0,0.0
2520,transition,86,0,86,0.0,0,86,0.0,0.0,86,0,1.0,0.0,0,86,0.0,0.0
2521,high-scoring,16,0,16,0.0,0,16,0.0,0.0,16,0,1.0,0.0,0,16,0.0,0.0
2522,amde,16,0,16,0.0,0,16,0.0,0.0,16,0,1.0,0.0,0,16,0.0,0.0
2523,veber,22,0,22,0.0,0,22,0.0,0.0,22,0,1.0,0.0,0,22,0.0,0.0
2524,egan,24,1,23,0.0417,0,24,0.0,0.0,24,0,1.0,0.0,0,24,0.0,0.0
2525,muegge,22,0,22,0.0,0,22,0.0,0.0,22,0,1.0,0.0,0,22,0.0,0.0
2526,p-glycoprotein,16,0,16,0.0,0,16,0.0,0.0,16,0,1.0,0.0,0,16,0.0,0.0
2527,absorption,16,0,16,0.0,0,16,0.0,0.0,16,0,1.0,0.0,0,16,0.0,0.0
2528,subsection,8,0,8,0.0,0,8,0.0,0.0,8,0,1.0,0.0,0,8,0.0,0.0
2529,jarvist,8,0,8,0.0,0,8,0.0,0.0,8,0,1.0,0.0,0,8,0.0,0.0
2530,moore,8,0,8,0.0,0,8,0.0,0.0,8,0,1.0,0.0,0,8,0.0,0.0
2531,frost,8,0,8,0.0,0,8,0.0,0.0,8,0,1.0,0.0,0,8,0.0,0.0
2532,imperial,58,1,57,0.0172,1,57,0.0172,1.0,58,0,1.0,58.0,0,58,0.0,0.0
2533,college,66,1,65,0.0152,1,65,0.0152,1.0,66,0,1.0,66.0,0,66,0.0,0.0
2534,london,263,144,119,0.5475,142,121,0.5399,0.9861,263,0,1.0,1.8521,30,233,0.1141,0.2113
2535,blackett,8,0,8,0.0,0,8,0.0,0.0,8,0,1.0,0.0,0,8,0.0,0.0
2536,kick-starting,8,0,8,0.0,0,8,0.0,0.0,8,0,1.0,0.0,0,8,0.0,0.0
2537,3-amino-4-methylpyridine,20,0,20,0.0,0,20,0.0,0.0,20,0,1.0,0.0,0,20,0.0,0.0
2538,6-membered,71,6,65,0.0845,6,65,0.0845,1.0,71,0,1.0,11.8333,6,65,0.0845,1.0
2539,rotational,43,12,31,0.2791,12,31,0.2791,1.0,43,0,1.0,3.5833,12,31,0.2791,1.0
2540,fluorophenyl,21,0,21,0.0,0,21,0.0,0.0,21,0,1.0,0.0,0,21,0.0,0.0
2541,likewise,20,0,20,0.0,0,20,0.0,0.0,20,0,1.0,0.0,0,20,0.0,0.0
2542,amino-,1302,117,1185,0.0899,100,1202,0.0768,0.8547,1302,0,1.0,13.02,20,1282,0.0154,0.2
2543,arylpropanoic,20,0,20,0.0,0,20,0.0,0.0,20,0,1.0,0.0,0,20,0.0,0.0
2544,bioinorganic,12,0,12,0.0,0,12,0.0,0.0,12,0,1.0,0.0,0,12,0.0,0.0
2545,biomimetic,12,0,12,0.0,0,12,0.0,0.0,12,0,1.0,0.0,0,12,0.0,0.0
2546,biofilms,12,0,12,0.0,0,12,0.0,0.0,12,0,1.0,0.0,0,12,0.0,0.0
2547,nanomaterials,12,0,12,0.0,0,12,0.0,0.0,12,0,1.0,0.0,0,12,0.0,0.0
2548,exprience,12,0,12,0.0,0,12,0.0,0.0,12,0,1.0,0.0,0,12,0.0,0.0
2549,organoselenium,12,0,12,0.0,0,12,0.0,0.0,12,0,1.0,0.0,0,12,0.0,0.0
2550,umifenovir,26,0,26,0.0,0,26,0.0,0.0,26,0,1.0,0.0,0,26,0.0,0.0
2551,agent,140,1,139,0.0071,0,140,0.0,0.0,140,0,1.0,0.0,0,140,0.0,0.0
2552,galidesivir,8,0,8,0.0,0,8,0.0,0.0,8,0,1.0,0.0,0,8,0.0,0.0
2553,broad-spectrum,8,0,8,0.0,0,8,0.0,0.0,8,0,1.0,0.0,0,8,0.0,0.0
2554,demeaner,3,0,3,0.0,0,3,0.0,0.0,3,0,1.0,0.0,0,3,0.0,0.0
2555,acetyle,83,1,82,0.012,1,82,0.012,1.0,83,0,1.0,83.0,0,83,0.0,0.0
2556,hexahydropyrimidine,3,0,3,0.0,0,3,0.0,0.0,3,0,1.0,0.0,0,3,0.0,0.0
2557,methyle,79,29,50,0.3671,15,64,0.1899,0.5172,79,0,1.0,5.2667,13,66,0.1646,0.8667
2558,estimation,5,0,5,0.0,0,5,0.0,0.0,5,0,1.0,0.0,0,5,0.0,0.0
2559,symmetric,181,1,180,0.0055,1,180,0.0055,1.0,181,0,1.0,181.0,1,180,0.0055,1.0
2560,minimising,3,2,1,0.6667,1,2,0.3333,0.5,3,0,1.0,3.0,0,3,0.0,0.0
2561,employed,12,0,12,0.0,0,12,0.0,0.0,12,0,1.0,0.0,0,12,0.0,0.0
2562,beneficial,156,6,150,0.0385,6,150,0.0385,1.0,156,0,1.0,26.0,6,150,0.0385,1.0
2563,conducted,6,0,6,0.0,0,6,0.0,0.0,6,0,1.0,0.0,0,6,0.0,0.0
2564,kdeep,6,0,6,0.0,0,6,0.0,0.0,6,0,1.0,0.0,0,6,0.0,0.0
2565,benzylic,16,5,11,0.3125,5,11,0.3125,1.0,16,0,1.0,3.2,5,11,0.3125,1.0
2566,orient,280,26,254,0.0929,19,261,0.0679,0.7308,280,0,1.0,14.7368,5,275,0.0179,0.2632
2567,simpler,10,1,9,0.1,1,9,0.1,1.0,10,0,1.0,10.0,1,9,0.1,1.0
2568,symmetrical,2,1,1,0.5,1,1,0.5,1.0,2,0,1.0,2.0,1,1,0.5,1.0
2569,genetic-algorithm,47,1,46,0.0213,1,46,0.0213,1.0,47,0,1.0,47.0,0,47,0.0,0.0
2570,gb-ga,50,1,49,0.02,1,49,0.02,1.0,50,0,1.0,50.0,0,50,0.0,0.0
2571,code,219,1,218,0.0046,1,218,0.0046,1.0,219,0,1.0,219.0,0,219,0.0,0.0
2572,smi23d,19,1,18,0.0526,1,18,0.0526,1.0,19,0,1.0,19.0,0,19,0.0,0.0
2573,mm94ff,19,1,18,0.0526,1,18,0.0526,1.0,19,0,1.0,19.0,0,19,0.0,0.0
2574,obminimize,19,1,18,0.0526,1,18,0.0526,1.0,19,0,1.0,19.0,0,19,0.0,0.0
2575,sulphone,26,3,23,0.1154,3,23,0.1154,1.0,26,0,1.0,8.6667,2,24,0.0769,0.6667
2576,bitter,19,1,18,0.0526,1,18,0.0526,1.0,19,0,1.0,19.0,0,19,0.0,0.0
2577,configuration,208,3,205,0.0144,3,205,0.0144,1.0,208,0,1.0,69.3333,2,206,0.0096,0.6667
2578,numerous,23,1,22,0.0435,1,22,0.0435,1.0,23,0,1.0,23.0,0,23,0.0,0.0
2579,false-positives,19,1,18,0.0526,1,18,0.0526,1.0,19,0,1.0,19.0,0,19,0.0,0.0
2580,genuine,19,1,18,0.0526,1,18,0.0526,1.0,19,0,1.0,19.0,0,19,0.0,0.0
2581,known-valid,19,1,18,0.0526,1,18,0.0526,1.0,19,0,1.0,19.0,0,19,0.0,0.0
2582,bias,113,37,76,0.3274,31,82,0.2743,0.8378,113,0,1.0,3.6452,20,93,0.177,0.6452
2583,plausible,23,2,21,0.087,2,21,0.087,1.0,23,0,1.0,11.5,1,22,0.0435,0.5
2584,sufficient,56,5,51,0.0893,5,51,0.0893,1.0,56,0,1.0,11.2,4,52,0.0714,0.8
2585,freedom,49,13,36,0.2653,13,36,0.2653,1.0,49,0,1.0,3.7692,12,37,0.2449,0.9231
2586,quantumcorona,19,1,18,0.0526,1,18,0.0526,1.0,19,0,1.0,19.0,0,19,0.0,0.0
2587,autodockvina_3cl-pro,19,1,18,0.0526,1,18,0.0526,1.0,19,0,1.0,19.0,0,19,0.0,0.0
2588,0009_hpc_fragment_outputs,19,1,18,0.0526,1,18,0.0526,1.0,19,0,1.0,19.0,0,19,0.0,0.0
2589,retain,149,23,126,0.1544,13,136,0.0872,0.5652,149,0,1.0,11.4615,12,137,0.0805,0.9231
2590,enormously,19,1,18,0.0526,1,18,0.0526,1.0,19,0,1.0,19.0,0,19,0.0,0.0
2591,open-source,86,1,85,0.0116,1,85,0.0116,1.0,86,0,1.0,86.0,0,86,0.0,0.0
2592,python,47,1,46,0.0213,1,46,0.0213,1.0,47,0,1.0,47.0,0,47,0.0,0.0
2593,compute,90,4,86,0.0444,3,87,0.0333,0.75,90,0,1.0,30.0,1,89,0.0111,0.3333
2594,physicist,19,1,18,0.0526,1,18,0.0526,1.0,19,0,1.0,19.0,0,19,0.0,0.0
2595,eyeball,38,20,18,0.5263,16,22,0.4211,0.8,38,0,1.0,2.375,13,25,0.3421,0.8125
2596,butyramide,2,0,2,0.0,0,2,0.0,0.0,2,0,1.0,0.0,0,2,0.0,0.0
2597,bromopropyne,2,0,2,0.0,0,2,0.0,0.0,2,0,1.0,0.0,0,2,0.0,0.0
2598,attachment,33,2,31,0.0606,2,31,0.0606,1.0,33,0,1.0,16.5,2,31,0.0606,1.0
2599,suitable,81,6,75,0.0741,6,75,0.0741,1.0,81,0,1.0,13.5,2,79,0.0247,0.3333
2600,trimmed,4,0,4,0.0,0,4,0.0,0.0,4,0,1.0,0.0,0,4,0.0,0.0
2601,parental,2,0,2,0.0,0,2,0.0,0.0,2,0,1.0,0.0,0,2,0.0,0.0
2602,anyone,2,0,2,0.0,0,2,0.0,0.0,2,0,1.0,0.0,0,2,0.0,0.0
2603,download,34,1,33,0.0294,1,33,0.0294,1.0,34,0,1.0,34.0,1,33,0.0294,1.0
2604,drugbank,14,1,13,0.0714,1,13,0.0714,1.0,14,0,1.0,14.0,0,14,0.0,0.0
2605,rdock,47,25,22,0.5319,25,22,0.5319,1.0,47,0,1.0,1.88,16,31,0.3404,0.64
2606,guiding,9,1,8,0.1111,1,8,0.1111,1.0,9,0,1.0,9.0,0,9,0.0,0.0
2607,db08816,5,0,5,0.0,0,5,0.0,0.0,5,0,1.0,0.0,0,5,0.0,0.0
2608,ticagrelor,5,0,5,0.0,0,5,0.0,0.0,5,0,1.0,0.0,0,5,0.0,0.0
2609,db00619,5,0,5,0.0,0,5,0.0,0.0,5,0,1.0,0.0,0,5,0.0,0.0
2610,imatinib,5,0,5,0.0,0,5,0.0,0.0,5,0,1.0,0.0,0,5,0.0,0.0
2611,db01127,5,0,5,0.0,0,5,0.0,0.0,5,0,1.0,0.0,0,5,0.0,0.0
2612,econazole,5,0,5,0.0,0,5,0.0,0.0,5,0,1.0,0.0,0,5,0.0,0.0
2613,experimental,48,4,44,0.0833,4,44,0.0833,1.0,48,0,1.0,12.0,4,44,0.0833,1.0
2614,perfect,35,2,33,0.0571,2,33,0.0571,1.0,35,0,1.0,17.5,0,35,0.0,0.0
2615,db07660,5,0,5,0.0,0,5,0.0,0.0,5,0,1.0,0.0,0,5,0.0,0.0
2616,boron-containing,5,0,5,0.0,0,5,0.0,0.0,5,0,1.0,0.0,0,5,0.0,0.0
2617,enaminebb,5,0,5,0.0,0,5,0.0,0.0,5,0,1.0,0.0,0,5,0.0,0.0
2618,en300-7375076,5,0,5,0.0,0,5,0.0,0.0,5,0,1.0,0.0,0,5,0.0,0.0
2619,rai-nov-c18,43,3,40,0.0698,1,42,0.0233,0.3333,43,0,1.0,43.0,0,43,0.0,0.0
2620,shape-based,7,3,4,0.4286,1,6,0.1429,0.3333,7,0,1.0,7.0,0,7,0.0,0.0
2621,identifiers,7,3,4,0.4286,1,6,0.1429,0.3333,7,0,1.0,7.0,0,7,0.0,0.0
2622,joint,18,3,15,0.1667,1,17,0.0556,0.3333,18,0,1.0,18.0,0,18,0.0,0.0
2623,rainer,12,3,9,0.25,1,11,0.0833,0.3333,12,0,1.0,12.0,0,12,0.0,0.0
2624,manchester,7,3,4,0.4286,1,6,0.1429,0.3333,7,0,1.0,7.0,0,7,0.0,0.0
2625,dish,1,0,1,0.0,0,1,0.0,0.0,1,0,1.0,0.0,0,1,0.0,0.0
2626,moonshot,611,266,345,0.4354,242,369,0.3961,0.9098,611,0,1.0,2.5248,35,576,0.0573,0.1446
2627,algo,604,54,550,0.0894,41,563,0.0679,0.7593,604,0,1.0,14.7317,7,597,0.0116,0.1707
2628,enumerate,127,25,102,0.1969,19,108,0.1496,0.76,127,0,1.0,6.6842,17,110,0.1339,0.8947
2629,regression,97,11,86,0.1134,8,89,0.0825,0.7273,97,0,1.0,12.125,4,93,0.0412,0.5
2630,duplicates,51,4,47,0.0784,4,47,0.0784,1.0,51,0,1.0,12.75,2,49,0.0392,0.5
2631,leaf,16,4,12,0.25,2,14,0.125,0.5,16,0,1.0,8.0,2,14,0.125,1.0
2632,nodes,16,4,12,0.25,2,14,0.125,0.5,16,0,1.0,8.0,2,14,0.125,1.0
2633,comparing,93,9,84,0.0968,6,87,0.0645,0.6667,93,0,1.0,15.5,2,91,0.0215,0.3333
2634,coverage,3,0,3,0.0,0,3,0.0,0.0,3,0,1.0,0.0,0,3,0.0,0.0
2635,dataset,90,4,86,0.0444,4,86,0.0444,1.0,90,0,1.0,22.5,0,90,0.0,0.0
2636,carefully,15,2,13,0.1333,2,13,0.1333,1.0,15,0,1.0,7.5,0,15,0.0,0.0
2637,quality,55,2,53,0.0364,2,53,0.0364,1.0,55,0,1.0,27.5,0,55,0.0,0.0
2638,deep-learning,14,2,12,0.1429,2,12,0.1429,1.0,14,0,1.0,7.0,0,14,0.0,0.0
2639,graph,928,29,899,0.0312,22,906,0.0237,0.7586,928,0,1.0,42.1818,18,910,0.0194,0.8182
2640,convolutional,34,2,32,0.0588,2,32,0.0588,1.0,34,0,1.0,17.0,0,34,0.0,0.0
2641,architecture,34,2,32,0.0588,2,32,0.0588,1.0,34,0,1.0,17.0,0,34,0.0,0.0
2642,crucial,19,2,17,0.1053,2,17,0.1053,1.0,19,0,1.0,9.5,0,19,0.0,0.0
2643,false,35,3,32,0.0857,3,32,0.0857,1.0,35,0,1.0,11.6667,0,35,0.0,0.0
2644,dominating,14,2,12,0.1429,2,12,0.1429,1.0,14,0,1.0,7.0,0,14,0.0,0.0
2645,destroy,14,2,12,0.1429,2,12,0.1429,1.0,14,0,1.0,7.0,0,14,0.0,0.0
2646,meaningful,14,2,12,0.1429,2,12,0.1429,1.0,14,0,1.0,7.0,0,14,0.0,0.0
2647,extensive,97,12,85,0.1237,12,85,0.1237,1.0,97,0,1.0,8.0833,1,96,0.0103,0.0833
2648,getting,48,25,23,0.5208,20,28,0.4167,0.8,48,0,1.0,2.4,16,32,0.3333,0.8
2649,fortunately,15,2,13,0.1333,2,13,0.1333,1.0,15,0,1.0,7.5,0,15,0.0,0.0
2650,rate,1553,217,1336,0.1397,171,1382,0.1101,0.788,1553,0,1.0,9.0819,76,1477,0.0489,0.4444
2651,unreasonable,14,2,12,0.1429,2,12,0.1429,1.0,14,0,1.0,7.0,0,14,0.0,0.0
2652,expectation,14,2,12,0.1429,2,12,0.1429,1.0,14,0,1.0,7.0,0,14,0.0,0.0
2653,pre-curated,14,2,12,0.1429,2,12,0.1429,1.0,14,0,1.0,7.0,0,14,0.0,0.0
2654,priority,74,3,71,0.0405,3,71,0.0405,1.0,74,0,1.0,24.6667,1,73,0.0135,0.3333
2655,synthesisability,14,2,12,0.1429,2,12,0.1429,1.0,14,0,1.0,7.0,0,14,0.0,0.0
2656,novelty,21,2,19,0.0952,2,19,0.0952,1.0,21,0,1.0,10.5,0,21,0.0,0.0
2657,diamondx,5,0,5,0.0,0,5,0.0,0.0,5,0,1.0,0.0,0,5,0.0,0.0
2658,mpro-x0967,9,0,9,0.0,0,9,0.0,0.0,9,0,1.0,0.0,0,9,0.0,0.0
2659,recore,46,0,46,0.0,0,46,0.0,0.0,46,0,1.0,0.0,0,46,0.0,0.0
2660,guarantee,5,0,5,0.0,0,5,0.0,0.0,5,0,1.0,0.0,0,5,0.0,0.0
2661,ftrees,5,0,5,0.0,0,5,0.0,0.0,5,0,1.0,0.0,0,5,0.0,0.0
2662,redocked,21,0,21,0.0,0,21,0.0,0.0,21,0,1.0,0.0,0,21,0.0,0.0
2663,tox,236,31,205,0.1314,27,209,0.1144,0.871,236,0,1.0,8.7407,4,232,0.0169,0.1481
2664,emoltox,9,0,9,0.0,0,9,0.0,0.0,9,0,1.0,0.0,0,9,0.0,0.0
2665,webserver,9,0,9,0.0,0,9,0.0,0.0,9,0,1.0,0.0,0,9,0.0,0.0
2666,repo,232,24,208,0.1034,23,209,0.0991,0.9583,232,0,1.0,10.087,5,227,0.0216,0.2174
2667,volkamerlab,9,0,9,0.0,0,9,0.0,0.0,9,0,1.0,0.0,0,9,0.0,0.0
2668,covid19-sbapproach,9,0,9,0.0,0,9,0.0,0.0,9,0,1.0,0.0,0,9,0.0,0.0
2669,167c18e3-3388-4802-bfa0-f8dc23d34258,4,0,4,0.0,0,4,0.0,0.0,4,0,1.0,0.0,0,4,0.0,0.0
2670,mpro-x1392,5,0,5,0.0,0,5,0.0,0.0,5,0,1.0,0.0,0,5,0.0,0.0
2671,untargeted,5,0,5,0.0,0,5,0.0,0.0,5,0,1.0,0.0,0,5,0.0,0.0
2672,nitrile-containing,5,0,5,0.0,0,5,0.0,0.0,5,0,1.0,0.0,0,5,0.0,0.0
2673,reminiscent,5,0,5,0.0,0,5,0.0,0.0,5,0,1.0,0.0,0,5,0.0,0.0
2674,taunton,5,0,5,0.0,0,5,0.0,0.0,5,0,1.0,0.0,0,5,0.0,0.0
2675,coworkers,6,0,6,0.0,0,6,0.0,0.0,6,0,1.0,0.0,0,6,0.0,0.0
2676,examplary,5,0,5,0.0,0,5,0.0,0.0,5,0,1.0,0.0,0,5,0.0,0.0
2677,callum,5,0,5,0.0,0,5,0.0,0.0,5,0,1.0,0.0,0,5,0.0,0.0
2678,dickson,5,0,5,0.0,0,5,0.0,0.0,5,0,1.0,0.0,0,5,0.0,0.0
2679,access,495,68,427,0.1374,49,446,0.099,0.7206,495,0,1.0,10.102,15,480,0.0303,0.3061
2680,litterature,4,1,3,0.25,1,3,0.25,1.0,4,0,1.0,4.0,0,4,0.0,0.0
2681,suitability,8,0,8,0.0,0,8,0.0,0.0,8,0,1.0,0.0,0,8,0.0,0.0
2682,mapping,55,7,48,0.1273,4,51,0.0727,0.5714,55,0,1.0,13.75,4,51,0.0727,1.0
2683,subfragments,28,2,26,0.0714,1,27,0.0357,0.5,28,0,1.0,28.0,1,27,0.0357,1.0
2684,a77636,75,0,75,0.0,0,75,0.0,0.0,75,0,1.0,0.0,0,75,0.0,0.0
2685,alpha-ketoamide,24,4,20,0.1667,3,21,0.125,0.75,24,0,1.0,8.0,0,24,0.0,0.0
2686,6y2f,108,2,106,0.0185,2,106,0.0185,1.0,108,0,1.0,54.0,2,106,0.0185,1.0
2687,lead-optimization,17,0,17,0.0,0,17,0.0,0.0,17,0,1.0,0.0,0,17,0.0,0.0
2688,calpain2,17,0,17,0.0,0,17,0.0,0.0,17,0,1.0,0.0,0,17,0.0,0.0
2689,jacs,17,0,17,0.0,0,17,0.0,0.0,17,0,1.0,0.0,0,17,0.0,0.0
2690,7b08938,17,0,17,0.0,0,17,0.0,0.0,17,0,1.0,0.0,0,17,0.0,0.0
2691,achieve,26,0,26,0.0,0,26,0.0,0.0,26,0,1.0,0.0,0,26,0.0,0.0
2692,mimic,122,22,100,0.1803,16,106,0.1311,0.7273,122,0,1.0,7.625,9,113,0.0738,0.5625
2693,map-based,17,0,17,0.0,0,17,0.0,0.0,17,0,1.0,0.0,0,17,0.0,0.0
2694,jcim,17,0,17,0.0,0,17,0.0,0.0,17,0,1.0,0.0,0,17,0.0,0.0
2695,8b00959,17,0,17,0.0,0,17,0.0,0.0,17,0,1.0,0.0,0,17,0.0,0.0
2696,demo,60,0,60,0.0,0,60,0.0,0.0,60,0,1.0,0.0,0,60,0.0,0.0
2697,silcsbio,17,0,17,0.0,0,17,0.0,0.0,17,0,1.0,0.0,0,17,0.0,0.0
2698,cov2,28,0,28,0.0,0,28,0.0,0.0,28,0,1.0,0.0,0,28,0.0,0.0
2699,native,230,48,182,0.2087,35,195,0.1522,0.7292,230,0,1.0,6.5714,24,206,0.1043,0.6857
2700,stabilize,34,2,32,0.0588,2,32,0.0588,1.0,34,0,1.0,17.0,2,32,0.0588,1.0
2701,non-native,5,0,5,0.0,0,5,0.0,0.0,5,0,1.0,0.0,0,5,0.0,0.0
2702,cavities,4,0,4,0.0,0,4,0.0,0.0,4,0,1.0,0.0,0,4,0.0,0.0
2703,akin,194,16,178,0.0825,11,183,0.0567,0.6875,194,0,1.0,17.6364,4,190,0.0206,0.3636
2704,allosteric,4,0,4,0.0,0,4,0.0,0.0,4,0,1.0,0.0,0,4,0.0,0.0
2705,proteolytic,4,0,4,0.0,0,4,0.0,0.0,4,0,1.0,0.0,0,4,0.0,0.0
2706,degradation,34,0,34,0.0,0,34,0.0,0.0,34,0,1.0,0.0,0,34,0.0,0.0
2707,aggregation,4,0,4,0.0,0,4,0.0,0.0,4,0,1.0,0.0,0,4,0.0,0.0
2708,harder,28,4,24,0.1429,3,25,0.1071,0.75,28,0,1.0,9.3333,3,25,0.1071,1.0
2709,resistance,4,0,4,0.0,0,4,0.0,0.0,4,0,1.0,0.0,0,4,0.0,0.0
2710,nonnative,4,0,4,0.0,0,4,0.0,0.0,4,0,1.0,0.0,0,4,0.0,0.0
2711,involve,69,16,53,0.2319,13,56,0.1884,0.8125,69,0,1.0,5.3077,1,68,0.0145,0.0769
2712,state--thus,4,0,4,0.0,0,4,0.0,0.0,4,0,1.0,0.0,0,4,0.0,0.0
2713,mutation,27,2,25,0.0741,2,25,0.0741,1.0,27,0,1.0,13.5,1,26,0.037,0.5
2714,detrimental,4,0,4,0.0,0,4,0.0,0.0,4,0,1.0,0.0,0,4,0.0,0.0
2715,subunit,4,0,4,0.0,0,4,0.0,0.0,4,0,1.0,0.0,0,4,0.0,0.0
2716,n-terminal,43,0,43,0.0,0,43,0.0,0.0,43,0,1.0,0.0,0,43,0.0,0.0
2717,assumptions,4,0,4,0.0,0,4,0.0,0.0,4,0,1.0,0.0,0,4,0.0,0.0
2718,fold,1102,212,890,0.1924,171,931,0.1552,0.8066,1102,0,1.0,6.4444,40,1062,0.0363,0.2339
2719,precedes,4,0,4,0.0,0,4,0.0,0.0,4,0,1.0,0.0,0,4,0.0,0.0
2720,apply,11,5,6,0.4545,5,6,0.4545,1.0,11,0,1.0,2.2,5,6,0.4545,1.0
2721,atomistic,4,0,4,0.0,0,4,0.0,0.0,4,0,1.0,0.0,0,4,0.0,0.0
2722,opengrowth,4,0,4,0.0,0,4,0.0,0.0,4,0,1.0,0.0,0,4,0.0,0.0
2723,sub-micromolar,4,0,4,0.0,0,4,0.0,0.0,4,0,1.0,0.0,0,4,0.0,0.0
2724,alphaspace,4,0,4,0.0,0,4,0.0,0.0,4,0,1.0,0.0,0,4,0.0,0.0
2725,citations,3,0,3,0.0,0,3,0.0,0.0,3,0,1.0,0.0,0,3,0.0,0.0
2726,bitran,4,0,4,0.0,0,4,0.0,0.0,4,0,1.0,0.0,0,4,0.0,0.0
2727,1485-1495,4,0,4,0.0,0,4,0.0,0.0,4,0,1.0,0.0,0,4,0.0,0.0
2728,chérot,2,0,2,0.0,0,2,0.0,0.0,2,0,1.0,0.0,0,2,0.0,0.0
2729,4171-4188,4,0,4,0.0,0,4,0.0,0.0,4,0,1.0,0.0,0,4,0.0,0.0
2730,katigbak,4,0,4,0.0,0,4,0.0,0.0,4,0,1.0,0.0,0,4,0.0,0.0
2731,1494-1508,4,0,4,0.0,0,4,0.0,0.0,4,0,1.0,0.0,0,4,0.0,0.0
2732,-oh,42,1,41,0.0238,1,41,0.0238,1.0,42,0,1.0,42.0,1,41,0.0238,1.0
2733,meta,725,174,551,0.24,104,621,0.1434,0.5977,725,0,1.0,6.9712,97,628,0.1338,0.9327
2734,scifinder,5,1,4,0.2,1,4,0.2,1.0,5,0,1.0,5.0,1,4,0.2,1.0
2735,intermed,296,121,175,0.4088,82,214,0.277,0.6777,296,0,1.0,3.6098,82,214,0.277,1.0
2736,quinine,2,0,2,0.0,0,2,0.0,0.0,2,0,1.0,0.0,0,2,0.0,0.0
2737,chéron,2,0,2,0.0,0,2,0.0,0.0,2,0,1.0,0.0,0,2,0.0,0.0
2738,physiochemical,3,0,3,0.0,0,3,0.0,0.0,3,0,1.0,0.0,0,3,0.0,0.0
2739,phosphorylation,5,0,5,0.0,0,5,0.0,0.0,5,0,1.0,0.0,0,5,0.0,0.0
2740,in-vivo,5,0,5,0.0,0,5,0.0,0.0,5,0,1.0,0.0,0,5,0.0,0.0
2741,dysfunction,5,0,5,0.0,0,5,0.0,0.0,5,0,1.0,0.0,0,5,0.0,0.0
2742,nitrogenous,5,0,5,0.0,0,5,0.0,0.0,5,0,1.0,0.0,0,5,0.0,0.0
2743,pyrazine-based,5,0,5,0.0,0,5,0.0,0.0,5,0,1.0,0.0,0,5,0.0,0.0
2744,exceptional,5,0,5,0.0,0,5,0.0,0.0,5,0,1.0,0.0,0,5,0.0,0.0
2745,understood,5,0,5,0.0,0,5,0.0,0.0,5,0,1.0,0.0,0,5,0.0,0.0
2746,demonstrated,28,0,28,0.0,0,28,0.0,0.0,28,0,1.0,0.0,0,28,0.0,0.0
2747,attractive,513,4,509,0.0078,4,509,0.0078,1.0,513,0,1.0,128.25,4,509,0.0078,1.0
2748,s11696-018-0654-9,5,0,5,0.0,0,5,0.0,0.0,5,0,1.0,0.0,0,5,0.0,0.0
2749,nontoxic,5,0,5,0.0,0,5,0.0,0.0,5,0,1.0,0.0,0,5,0.0,0.0
2750,2fj,20,0,20,0.0,0,20,0.0,0.0,20,0,1.0,0.0,0,20,0.0,0.0
2751,c-c,19,0,19,0.0,0,19,0.0,0.0,19,0,1.0,0.0,0,19,0.0,0.0
2752,individual,79,10,69,0.1266,10,69,0.1266,1.0,79,0,1.0,7.9,1,78,0.0127,0.1
2753,hilgenfeld,17,0,17,0.0,0,17,0.0,0.0,17,0,1.0,0.0,0,17,0.0,0.0
2754,dzif,1,0,1,0.0,0,1,0.0,0.0,1,0,1.0,0.0,0,1,0.0,0.0
2755,germany,1,0,1,0.0,0,1,0.0,0.0,1,0,1.0,0.0,0,1,0.0,0.0
2756,attribution,1,0,1,0.0,0,1,0.0,0.0,1,0,1.0,0.0,0,1,0.0,0.0
2757,inspirational,1,0,1,0.0,0,1,0.0,0.0,1,0,1.0,0.0,0,1,0.0,0.0
2758,exhibiting,41,0,41,0.0,0,41,0.0,0.0,41,0,1.0,0.0,0,41,0.0,0.0
2759,microbial,89,1,88,0.0112,0,89,0.0,0.0,89,0,1.0,0.0,0,89,0.0,0.0
2760,disease,69,2,67,0.029,2,67,0.029,1.0,69,0,1.0,34.5,0,69,0.0,0.0
2761,fragmnet,1,0,1,0.0,0,1,0.0,0.0,1,0,1.0,0.0,0,1,0.0,0.0
2762,cas1517432-28-8n,1,0,1,0.0,0,1,0.0,0.0,1,0,1.0,0.0,0,1,0.0,0.0
2763,suppliers,1,0,1,0.0,0,1,0.0,0.0,1,0,1.0,0.0,0,1,0.0,0.0
2764,fch,11,0,11,0.0,0,11,0.0,0.0,11,0,1.0,0.0,0,11,0.0,0.0
2765,cas868-83-7,1,0,1,0.0,0,1,0.0,0.0,1,0,1.0,0.0,0,1,0.0,0.0
2766,nmany,1,0,1,0.0,0,1,0.0,0.0,1,0,1.0,0.0,0,1,0.0,0.0
2767,abcr,1,0,1,0.0,0,1,0.0,0.0,1,0,1.0,0.0,0,1,0.0,0.0
2768,scientific,6,5,1,0.8333,4,2,0.6667,0.8,6,0,1.0,1.5,0,6,0.0,0.0
2769,acta,280,53,227,0.1893,34,246,0.1214,0.6415,280,0,1.0,8.2353,21,259,0.075,0.6176
2770,chimica,1,0,1,0.0,0,1,0.0,0.0,1,0,1.0,0.0,0,1,0.0,0.0
2771,sinica,1,0,1,0.0,0,1,0.0,0.0,1,0,1.0,0.0,0,1,0.0,0.0
2772,1311-1314,1,0,1,0.0,0,1,0.0,0.0,1,0,1.0,0.0,0,1,0.0,0.0
2773,regioselective,1,0,1,0.0,0,1,0.0,0.0,1,0,1.0,0.0,0,1,0.0,0.0
2774,bromination,1,0,1,0.0,0,1,0.0,0.0,1,0,1.0,0.0,0,1,0.0,0.0
2775,orglett,1,0,1,0.0,0,1,0.0,0.0,1,0,1.0,0.0,0,1,0.0,0.0
2776,recation,1,0,1,0.0,0,1,0.0,0.0,1,0,1.0,0.0,0,1,0.0,0.0
2777,heck,182,20,162,0.1099,18,164,0.0989,0.9,182,0,1.0,10.1111,9,173,0.0495,0.5
2778,cas1187-59-3,1,0,1,0.0,0,1,0.0,0.0,1,0,1.0,0.0,0,1,0.0,0.0
2779,fragemnet,1,0,1,0.0,0,1,0.0,0.0,1,0,1.0,0.0,0,1,0.0,0.0
2780,lietraure,1,0,1,0.0,0,1,0.0,0.0,1,0,1.0,0.0,0,1,0.0,0.0
2781,merger,108,1,107,0.0093,1,107,0.0093,1.0,108,0,1.0,108.0,1,107,0.0093,1.0
2782,066c4001-b6a3-47b7-83a4-5e7933997959,6,0,6,0.0,0,6,0.0,0.0,6,0,1.0,0.0,0,6,0.0,0.0
2783,cys300,6,0,6,0.0,0,6,0.0,0.0,6,0,1.0,0.0,0,6,0.0,0.0
2784,icm,18,0,18,0.0,0,18,0.0,0.0,18,0,1.0,0.0,0,18,0.0,0.0
2785,molsoft,13,0,13,0.0,0,13,0.0,0.0,13,0,1.0,0.0,0,13,0.0,0.0
2786,llc,6,0,6,0.0,0,6,0.0,0.0,6,0,1.0,0.0,0,6,0.0,0.0
2787,predictor,68,0,68,0.0,0,68,0.0,0.0,68,0,1.0,0.0,0,68,0.0,0.0
2788,covdock,25,12,13,0.48,12,13,0.48,1.0,25,0,1.0,2.0833,12,13,0.48,1.0
2789,p-p,299,39,260,0.1304,32,267,0.107,0.8205,299,0,1.0,9.3438,32,267,0.107,1.0
2790,cyclopropane,17,0,17,0.0,0,17,0.0,0.0,17,0,1.0,0.0,0,17,0.0,0.0
2791,plos,19,13,6,0.6842,3,16,0.1579,0.2308,19,0,1.0,6.3333,0,19,0.0,0.0
2792,plosntds,6,0,6,0.0,0,6,0.0,0.0,6,0,1.0,0.0,0,6,0.0,0.0
2793,pntd,6,0,6,0.0,0,6,0.0,0.0,6,0,1.0,0.0,0,6,0.0,0.0
2794,mak-unk-b2c-4,17,0,17,0.0,0,17,0.0,0.0,17,0,1.0,0.0,0,17,0.0,0.0
2795,quantum-based,23,2,21,0.087,0,23,0.0,0.0,23,0,1.0,0.0,0,23,0.0,0.0
2796,builder,23,2,21,0.087,0,23,0.0,0.0,23,0,1.0,0.0,0,23,0.0,0.0
2797,qsb,23,2,21,0.087,0,23,0.0,0.0,23,0,1.0,0.0,0,23,0.0,0.0
2798,module,23,2,21,0.087,0,23,0.0,0.0,23,0,1.0,0.0,0,23,0.0,0.0
2799,pharmacophore-based,23,2,21,0.087,0,23,0.0,0.0,23,0,1.0,0.0,0,23,0.0,0.0
2800,subprogram,23,2,21,0.087,0,23,0.0,0.0,23,0,1.0,0.0,0,23,0.0,0.0
2801,step-by-step,23,2,21,0.087,0,23,0.0,0.0,23,0,1.0,0.0,0,23,0.0,0.0
2802,5rey,10,0,10,0.0,0,10,0.0,0.0,10,0,1.0,0.0,0,10,0.0,0.0
2803,5ren,10,0,10,0.0,0,10,0.0,0.0,10,0,1.0,0.0,0,10,0.0,0.0
2804,5rfg,10,0,10,0.0,0,10,0.0,0.0,10,0,1.0,0.0,0,10,0.0,0.0
2805,fragmentation,23,2,21,0.087,0,23,0.0,0.0,23,0,1.0,0.0,0,23,0.0,0.0
2806,10k,43,2,41,0.0465,0,43,0.0,0.0,43,0,1.0,0.0,0,43,0.0,0.0
2807,consecutive,23,2,21,0.087,0,23,0.0,0.0,23,0,1.0,0.0,0,23,0.0,0.0
2808,alternate,21,5,16,0.2381,3,18,0.1429,0.6,21,0,1.0,7.0,1,20,0.0476,0.3333
2809,stereocentre,26,0,26,0.0,0,26,0.0,0.0,26,0,1.0,0.0,0,26,0.0,0.0
2810,predictable,1,0,1,0.0,0,1,0.0,0.0,1,0,1.0,0.0,0,1,0.0,0.0
2811,adjustments,14,4,10,0.2857,3,11,0.2143,0.75,14,0,1.0,4.6667,0,14,0.0,0.0
2812,chloroacetoamide,14,4,10,0.2857,3,11,0.2143,0.75,14,0,1.0,4.6667,0,14,0.0,0.0
2813,duckcov,19,12,7,0.6316,12,7,0.6316,1.0,19,0,1.0,1.5833,12,7,0.6316,1.0
2814,cmdc,38,13,25,0.3421,13,25,0.3421,1.0,38,0,1.0,2.9231,13,25,0.3421,1.0
2815,platform,135,13,122,0.0963,13,122,0.0963,1.0,135,0,1.0,10.3846,13,122,0.0963,1.0
2816,covdock-lo,19,12,7,0.6316,12,7,0.6316,1.0,19,0,1.0,1.5833,12,7,0.6316,1.0
2817,schrödinger,19,12,7,0.6316,12,7,0.6316,1.0,19,0,1.0,1.5833,12,7,0.6316,1.0
2818,ci500118s,19,12,7,0.6316,12,7,0.6316,1.0,19,0,1.0,1.5833,12,7,0.6316,1.0
2819,450k,19,12,7,0.6316,12,7,0.6316,1.0,19,0,1.0,1.5833,12,7,0.6316,1.0
2820,compiled,19,12,7,0.6316,12,7,0.6316,1.0,19,0,1.0,1.5833,12,7,0.6316,1.0
2821,ifp,19,12,7,0.6316,12,7,0.6316,1.0,19,0,1.0,1.5833,12,7,0.6316,1.0
2822,highlighted,21,14,7,0.6667,14,7,0.6667,1.0,21,0,1.0,1.5,14,7,0.6667,1.0
2823,recurring,19,12,7,0.6316,12,7,0.6316,1.0,19,0,1.0,1.5833,12,7,0.6316,1.0
2824,ph4,19,12,7,0.6316,12,7,0.6316,1.0,19,0,1.0,1.5833,12,7,0.6316,1.0
2825,e166-o,19,12,7,0.6316,12,7,0.6316,1.0,19,0,1.0,1.5833,12,7,0.6316,1.0
2826,e166-n,19,12,7,0.6316,12,7,0.6316,1.0,19,0,1.0,1.5833,12,7,0.6316,1.0
2827,h163-ne2,19,12,7,0.6316,12,7,0.6316,1.0,19,0,1.0,1.5833,12,7,0.6316,1.0
2828,frequent,20,12,8,0.6,12,8,0.6,1.0,20,0,1.0,1.6667,12,8,0.6,1.0
2829,htvs,19,12,7,0.6316,12,7,0.6316,1.0,19,0,1.0,1.5833,12,7,0.6316,1.0
2830,translational,19,12,7,0.6316,12,7,0.6316,1.0,19,0,1.0,1.5833,12,7,0.6316,1.0
2831,extent,32,15,17,0.4688,14,18,0.4375,0.9333,32,0,1.0,2.2857,14,18,0.4375,1.0
2832,dynamic,35,12,23,0.3429,12,23,0.3429,1.0,35,0,1.0,2.9167,12,23,0.3429,1.0
2833,undocking,19,12,7,0.6316,12,7,0.6316,1.0,19,0,1.0,1.5833,12,7,0.6316,1.0
2834,nchem,19,12,7,0.6316,12,7,0.6316,1.0,19,0,1.0,1.5833,12,7,0.6316,1.0
2835,sake,5,5,0,1.0,5,0,1.0,1.0,5,0,1.0,1.0,5,0,1.0,1.0
2836,application,34,5,29,0.1471,5,29,0.1471,1.0,34,0,1.0,6.8,5,29,0.1471,1.0
2837,workflow,15,5,10,0.3333,5,10,0.3333,1.0,15,0,1.0,3.0,5,10,0.3333,1.0
2838,strict,63,12,51,0.1905,12,51,0.1905,1.0,63,0,1.0,5.25,6,57,0.0952,0.5
2839,rush,2,0,2,0.0,0,2,0.0,0.0,2,0,1.0,0.0,0,2,0.0,0.0
2840,decent,28,0,28,0.0,0,28,0.0,0.0,28,0,1.0,0.0,0,28,0.0,0.0
2841,oxime,1,0,1,0.0,0,1,0.0,0.0,1,0,1.0,0.0,0,1,0.0,0.0
2842,probis,4,0,4,0.0,0,4,0.0,0.0,4,0,1.0,0.0,0,4,0.0,0.0
2843,time-constraints,4,0,4,0.0,0,4,0.0,0.0,4,0,1.0,0.0,0,4,0.0,0.0
2844,mcs,4,0,4,0.0,0,4,0.0,0.0,4,0,1.0,0.0,0,4,0.0,0.0
2845,mpro-x0387,4,0,4,0.0,0,4,0.0,0.0,4,0,1.0,0.0,0,4,0.0,0.0
2846,mpro-x0946,4,0,4,0.0,0,4,0.0,0.0,4,0,1.0,0.0,0,4,0.0,0.0
2847,chembl3937948,4,0,4,0.0,0,4,0.0,0.0,4,0,1.0,0.0,0,4,0.0,0.0
2848,chembl2059095,4,0,4,0.0,0,4,0.0,0.0,4,0,1.0,0.0,0,4,0.0,0.0
2849,chembl3690047,4,0,4,0.0,0,4,0.0,0.0,4,0,1.0,0.0,0,4,0.0,0.0
2850,chembl1684519,4,0,4,0.0,0,4,0.0,0.0,4,0,1.0,0.0,0,4,0.0,0.0
2851,restriction,5,0,5,0.0,0,5,0.0,0.0,5,0,1.0,0.0,0,5,0.0,0.0
2852,construct,1164,11,1153,0.0095,4,1160,0.0034,0.3636,1164,0,1.0,291.0,0,1164,0.0,0.0
2853,molegro,25,11,14,0.44,4,21,0.16,0.3636,25,0,1.0,6.25,0,25,0.0,0.0
2854,docker,25,11,14,0.44,4,21,0.16,0.3636,25,0,1.0,6.25,0,25,0.0,0.0
2855,mvd,25,11,14,0.44,4,21,0.16,0.3636,25,0,1.0,6.25,0,25,0.0,0.0
2856,permeability,36,13,23,0.3611,5,31,0.1389,0.3846,36,0,1.0,7.2,1,35,0.0278,0.2
2857,biostability,25,11,14,0.44,4,21,0.16,0.3636,25,0,1.0,6.25,0,25,0.0,0.0
2858,realpv-000051523242,25,11,14,0.44,4,21,0.16,0.3636,25,0,1.0,6.25,0,25,0.0,0.0
2859,realpv-002045824567,25,11,14,0.44,4,21,0.16,0.3636,25,0,1.0,6.25,0,25,0.0,0.0
2860,realpv-000075146668,25,11,14,0.44,4,21,0.16,0.3636,25,0,1.0,6.25,0,25,0.0,0.0
2861,realpv-000006496640,25,11,14,0.44,4,21,0.16,0.3636,25,0,1.0,6.25,0,25,0.0,0.0
2862,realpv-002012910222,25,11,14,0.44,4,21,0.16,0.3636,25,0,1.0,6.25,0,25,0.0,0.0
2863,realpv-002045938854,25,11,14,0.44,4,21,0.16,0.3636,25,0,1.0,6.25,0,25,0.0,0.0
2864,brc,38,24,14,0.6316,7,31,0.1842,0.2917,38,0,1.0,5.4286,0,38,0.0,0.0
2865,realpv-002045866855,25,11,14,0.44,4,21,0.16,0.3636,25,0,1.0,6.25,0,25,0.0,0.0
2866,realpv-002034954482,25,11,14,0.44,4,21,0.16,0.3636,25,0,1.0,6.25,0,25,0.0,0.0
2867,molport046-524-365,25,11,14,0.44,4,21,0.16,0.3636,25,0,1.0,6.25,0,25,0.0,0.0
2868,realpv-000098404655,25,11,14,0.44,4,21,0.16,0.3636,25,0,1.0,6.25,0,25,0.0,0.0
2869,realpv-002045727683,25,11,14,0.44,4,21,0.16,0.3636,25,0,1.0,6.25,0,25,0.0,0.0
2870,realpv-002032287891,25,11,14,0.44,4,21,0.16,0.3636,25,0,1.0,6.25,0,25,0.0,0.0
2871,realpv-002006901178,25,11,14,0.44,4,21,0.16,0.3636,25,0,1.0,6.25,0,25,0.0,0.0
2872,realpv-002004216588,25,11,14,0.44,4,21,0.16,0.3636,25,0,1.0,6.25,0,25,0.0,0.0
2873,fc1,25,11,14,0.44,4,21,0.16,0.3636,25,0,1.0,6.25,0,25,0.0,0.0
2874,realpv-002002816146,25,11,14,0.44,4,21,0.16,0.3636,25,0,1.0,6.25,0,25,0.0,0.0
2875,realpv-002045639389,25,11,14,0.44,4,21,0.16,0.3636,25,0,1.0,6.25,0,25,0.0,0.0
2876,realpv-002045866790,25,11,14,0.44,4,21,0.16,0.3636,25,0,1.0,6.25,0,25,0.0,0.0
2877,realpv-000061775807,25,11,14,0.44,4,21,0.16,0.3636,25,0,1.0,6.25,0,25,0.0,0.0
2878,realpv-000005281048,25,11,14,0.44,4,21,0.16,0.3636,25,0,1.0,6.25,0,25,0.0,0.0
2879,realz2442610555,25,11,14,0.44,4,21,0.16,0.3636,25,0,1.0,6.25,0,25,0.0,0.0
2880,realpv-002009376810,25,11,14,0.44,4,21,0.16,0.3636,25,0,1.0,6.25,0,25,0.0,0.0
2881,realpv-002013544673,25,11,14,0.44,4,21,0.16,0.3636,25,0,1.0,6.25,0,25,0.0,0.0
2882,realpv-002045821025,25,11,14,0.44,4,21,0.16,0.3636,25,0,1.0,6.25,0,25,0.0,0.0
2883,realpv-002045832122,25,11,14,0.44,4,21,0.16,0.3636,25,0,1.0,6.25,0,25,0.0,0.0
2884,realpv-002014815907,25,11,14,0.44,4,21,0.16,0.3636,25,0,1.0,6.25,0,25,0.0,0.0
2885,chloroacetemide,16,2,14,0.125,0,16,0.0,0.0,16,0,1.0,0.0,0,16,0.0,0.0
2886,cloroacetemide,16,2,14,0.125,0,16,0.0,0.0,16,0,1.0,0.0,0,16,0.0,0.0
2887,ethynylpurine,16,2,14,0.125,0,16,0.0,0.0,16,0,1.0,0.0,0,16,0.0,0.0
2888,denovo,3,1,2,0.3333,0,3,0.0,0.0,3,0,1.0,0.0,0,3,0.0,0.0
2889,constant,13,2,11,0.1538,0,13,0.0,0.0,13,0,1.0,0.0,0,13,0.0,0.0
2890,crude,6,1,5,0.1667,0,6,0.0,0.0,6,0,1.0,0.0,0,6,0.0,0.0
2891,crystollagraphic,16,0,16,0.0,0,16,0.0,0.0,16,0,1.0,0.0,0,16,0.0,0.0
2892,thereby,16,0,16,0.0,0,16,0.0,0.0,16,0,1.0,0.0,0,16,0.0,0.0
2893,pyridinone-moiety,16,0,16,0.0,0,16,0.0,0.0,16,0,1.0,0.0,0,16,0.0,0.0
2894,6y2g,115,2,113,0.0174,2,113,0.0174,1.0,115,0,1.0,57.5,2,113,0.0174,1.0
2895,pocket-connecting,16,0,16,0.0,0,16,0.0,0.0,16,0,1.0,0.0,0,16,0.0,0.0
2896,putativley,16,0,16,0.0,0,16,0.0,0.0,16,0,1.0,0.0,0,16,0.0,0.0
2897,ga-based,4,1,3,0.25,0,4,0.0,0.0,4,0,1.0,0.0,0,4,0.0,0.0
2898,novo,93,3,90,0.0323,1,92,0.0108,0.3333,93,0,1.0,93.0,1,92,0.0108,1.0
2899,ga-driven,1,1,0,1.0,0,1,0.0,0.0,1,0,1.0,0.0,0,1,0.0,0.0
2900,5rel,8,1,7,0.125,0,8,0.0,0.0,8,0,1.0,0.0,0,8,0.0,0.0
2901,5rer,5,1,4,0.2,0,5,0.0,0.0,5,0,1.0,0.0,0,5,0.0,0.0
2902,n_rot,1,0,1,0.0,0,1,0.0,0.0,1,0,1.0,0.0,0,1,0.0,0.0
2903,n_atoms,1,0,1,0.0,0,1,0.0,0.0,1,0,1.0,0.0,0,1,0.0,0.0
2904,sbdd,6,0,6,0.0,0,6,0.0,0.0,6,0,1.0,0.0,0,6,0.0,0.0
2905,identity,6,0,6,0.0,0,6,0.0,0.0,6,0,1.0,0.0,0,6,0.0,0.0
2906,octameric,6,0,6,0.0,0,6,0.0,0.0,6,0,1.0,0.0,0,6,0.0,0.0
2907,3iwm,6,0,6,0.0,0,6,0.0,0.0,6,0,1.0,0.0,0,6,0.0,0.0
2908,smith-waterman,6,0,6,0.0,0,6,0.0,0.0,6,0,1.0,0.0,0,6,0.0,0.0
2909,protein-protein,6,0,6,0.0,0,6,0.0,0.0,6,0,1.0,0.0,0,6,0.0,0.0
2910,rotary,6,0,6,0.0,0,6,0.0,0.0,6,0,1.0,0.0,0,6,0.0,0.0
2911,0-6,68,61,7,0.8971,53,15,0.7794,0.8689,68,0,1.0,1.283,51,17,0.75,0.9623
2912,druglikeness,6,0,6,0.0,0,6,0.0,0.0,6,0,1.0,0.0,0,6,0.0,0.0
2913,ghose,6,0,6,0.0,0,6,0.0,0.0,6,0,1.0,0.0,0,6,0.0,0.0
2914,brenks,6,0,6,0.0,0,6,0.0,0.0,6,0,1.0,0.0,0,6,0.0,0.0
2915,carcinogenicity,6,0,6,0.0,0,6,0.0,0.0,6,0,1.0,0.0,0,6,0.0,0.0
2916,either-a-go-go,6,0,6,0.0,0,6,0.0,0.0,6,0,1.0,0.0,0,6,0.0,0.0
2917,mutagenesis,6,0,6,0.0,0,6,0.0,0.0,6,0,1.0,0.0,0,6,0.0,0.0
2918,feasibility,6,0,6,0.0,0,6,0.0,0.0,6,0,1.0,0.0,0,6,0.0,0.0
2919,herg,14,4,10,0.2857,0,14,0.0,0.0,14,0,1.0,0.0,0,14,0.0,0.0
2920,pocketquery,6,0,6,0.0,0,6,0.0,0.0,6,0,1.0,0.0,0,6,0.0,0.0
2921,zincpharmer,13,0,13,0.0,0,13,0.0,0.0,13,0,1.0,0.0,0,13,0.0,0.0
2922,admetsar,6,0,6,0.0,0,6,0.0,0.0,6,0,1.0,0.0,0,6,0.0,0.0
2923,freesoftware,6,0,6,0.0,0,6,0.0,0.0,6,0,1.0,0.0,0,6,0.0,0.0
2924,harold,6,0,6,0.0,0,6,0.0,0.0,6,0,1.0,0.0,0,6,0.0,0.0
2925,mateo,6,0,6,0.0,0,6,0.0,0.0,6,0,1.0,0.0,0,6,0.0,0.0
2926,mojica,6,0,6,0.0,0,6,0.0,0.0,6,0,1.0,0.0,0,6,0.0,0.0
2927,urrego,6,0,6,0.0,0,6,0.0,0.0,6,0,1.0,0.0,0,6,0.0,0.0
2928,gesach,6,0,6,0.0,0,6,0.0,0.0,6,0,1.0,0.0,0,6,0.0,0.0
2929,paula,6,0,6,0.0,0,6,0.0,0.0,6,0,1.0,0.0,0,6,0.0,0.0
2930,andrea,6,0,6,0.0,0,6,0.0,0.0,6,0,1.0,0.0,0,6,0.0,0.0
2931,jimenez,6,0,6,0.0,0,6,0.0,0.0,6,0,1.0,0.0,0,6,0.0,0.0
2932,affiliated,7,0,7,0.0,0,7,0.0,0.0,7,0,1.0,0.0,0,7,0.0,0.0
2933,national,8,0,8,0.0,0,8,0.0,0.0,8,0,1.0,0.0,0,8,0.0,0.0
2934,university,217,26,191,0.1198,26,191,0.1198,1.0,217,0,1.0,8.3462,22,195,0.1014,0.8462
2935,colombia,6,0,6,0.0,0,6,0.0,0.0,6,0,1.0,0.0,0,6,0.0,0.0
2936,pharmacy,6,0,6,0.0,0,6,0.0,0.0,6,0,1.0,0.0,0,6,0.0,0.0
2937,tasimelteon,2,0,2,0.0,0,2,0.0,0.0,2,0,1.0,0.0,0,2,0.0,0.0
2938,pubchem,35,9,26,0.2571,9,26,0.2571,1.0,35,0,1.0,3.8889,8,27,0.2286,0.8889
2939,chlorofluoroacetamide,3,2,1,0.6667,2,1,0.6667,1.0,3,0,1.0,1.5,0,3,0.0,0.0
2940,propiolamide,3,2,1,0.6667,2,1,0.6667,1.0,3,0,1.0,1.5,0,3,0.0,0.0
2941,acalabrutinib,3,2,1,0.6667,2,1,0.6667,1.0,3,0,1.0,1.5,0,3,0.0,0.0
2942,chloracetamide,106,7,99,0.066,7,99,0.066,1.0,106,0,1.0,15.1429,2,104,0.0189,0.2857
2943,non-warhead,7,0,7,0.0,0,7,0.0,0.0,7,0,1.0,0.0,0,7,0.0,0.0
2944,diketone,7,0,7,0.0,0,7,0.0,0.0,7,0,1.0,0.0,0,7,0.0,0.0
2945,nucleoplile,7,0,7,0.0,0,7,0.0,0.0,7,0,1.0,0.0,0,7,0.0,0.0
2946,thiolate,9,0,9,0.0,0,9,0.0,0.0,9,0,1.0,0.0,0,9,0.0,0.0
2947,abundant,7,0,7,0.0,0,7,0.0,0.0,7,0,1.0,0.0,0,7,0.0,0.0
2948,sulfenic,7,0,7,0.0,0,7,0.0,0.0,7,0,1.0,0.0,0,7,0.0,0.0
2949,predominates,7,0,7,0.0,0,7,0.0,0.0,7,0,1.0,0.0,0,7,0.0,0.0
2950,encounter,10,3,7,0.3,3,7,0.3,1.0,10,0,1.0,3.3333,3,7,0.3,1.0
2951,moe,19,2,17,0.1053,2,17,0.1053,1.0,19,0,1.0,9.5,2,17,0.1053,1.0
2952,prep,304,19,285,0.0625,15,289,0.0493,0.7895,304,0,1.0,20.2667,7,297,0.023,0.4667
2953,protonate,32,3,29,0.0938,2,30,0.0625,0.6667,32,0,1.0,16.0,2,30,0.0625,1.0
2954,deprotonated,7,0,7,0.0,0,7,0.0,0.0,7,0,1.0,0.0,0,7,0.0,0.0
2955,abundance,7,0,7,0.0,0,7,0.0,0.0,7,0,1.0,0.0,0,7,0.0,0.0
2956,local,31,2,29,0.0645,0,31,0.0,0.0,31,0,1.0,0.0,0,31,0.0,0.0
2957,fluoro-phenyl,7,0,7,0.0,0,7,0.0,0.0,7,0,1.0,0.0,0,7,0.0,0.0
2958,alpha-keto-amide,2,0,2,0.0,0,2,0.0,0.0,2,0,1.0,0.0,0,2,0.0,0.0
2959,13g,2,0,2,0.0,0,2,0.0,0.0,2,0,1.0,0.0,0,2,0.0,0.0
2960,peptide-like,2,0,2,0.0,0,2,0.0,0.0,2,0,1.0,0.0,0,2,0.0,0.0
2961,workd,2,0,2,0.0,0,2,0.0,0.0,2,0,1.0,0.0,0,2,0.0,0.0
2962,emphasis,1,0,1,0.0,0,1,0.0,0.0,1,0,1.0,0.0,0,1,0.0,0.0
2963,mpro-x0397,1,0,1,0.0,0,1,0.0,0.0,1,0,1.0,0.0,0,1,0.0,0.0
2964,mpro-x01093,1,0,1,0.0,0,1,0.0,0.0,1,0,1.0,0.0,0,1,0.0,0.0
2965,copper,7,0,7,0.0,0,7,0.0,0.0,7,0,1.0,0.0,0,7,0.0,0.0
2966,non-competitive,4,0,4,0.0,0,4,0.0,0.0,4,0,1.0,0.0,0,4,0.0,0.0
2967,distance,41,3,38,0.0732,1,40,0.0244,0.3333,41,0,1.0,41.0,0,41,0.0,0.0
2968,histidine-163,2,0,2,0.0,0,2,0.0,0.0,2,0,1.0,0.0,0,2,0.0,0.0
2969,acid-166,2,0,2,0.0,0,2,0.0,0.0,2,0,1.0,0.0,0,2,0.0,0.0
2970,alcohol,125,3,122,0.024,1,124,0.008,0.3333,125,0,1.0,125.0,1,124,0.008,1.0
2971,serine-46,1,0,1,0.0,0,1,0.0,0.0,1,0,1.0,0.0,0,1,0.0,0.0
2972,histidine-41,2,0,2,0.0,0,2,0.0,0.0,2,0,1.0,0.0,0,2,0.0,0.0
2973,threonine-190,1,0,1,0.0,0,1,0.0,0.0,1,0,1.0,0.0,0,1,0.0,0.0
2974,quinolone,291,49,242,0.1684,45,246,0.1546,0.9184,291,0,1.0,6.4667,38,253,0.1306,0.8444
2975,interfere,10,0,10,0.0,0,10,0.0,0.0,10,0,1.0,0.0,0,10,0.0,0.0
2976,integrase,2,0,2,0.0,0,2,0.0,0.0,2,0,1.0,0.0,0,2,0.0,0.0
2977,co-factor,2,0,2,0.0,0,2,0.0,0.0,2,0,1.0,0.0,0,2,0.0,0.0
2978,chelation,3,0,3,0.0,0,3,0.0,0.0,3,0,1.0,0.0,0,3,0.0,0.0
2979,fluoroquinolones,2,0,2,0.0,0,2,0.0,0.0,2,0,1.0,0.0,0,2,0.0,0.0
2980,well-known,2,0,2,0.0,0,2,0.0,0.0,2,0,1.0,0.0,0,2,0.0,0.0
2981,anti-biotics,2,0,2,0.0,0,2,0.0,0.0,2,0,1.0,0.0,0,2,0.0,0.0
2982,trap,27,0,27,0.0,0,27,0.0,0.0,27,0,1.0,0.0,0,27,0.0,0.0
2983,electronegativity,5,0,5,0.0,0,5,0.0,0.0,5,0,1.0,0.0,0,5,0.0,0.0
2984,nucleus,2,0,2,0.0,0,2,0.0,0.0,2,0,1.0,0.0,0,2,0.0,0.0
2985,drag,2,0,2,0.0,0,2,0.0,0.0,2,0,1.0,0.0,0,2,0.0,0.0
2986,electron,349,43,306,0.1232,35,314,0.1003,0.814,349,0,1.0,9.9714,28,321,0.0802,0.8
2987,charged,19,0,19,0.0,0,19,0.0,0.0,19,0,1.0,0.0,0,19,0.0,0.0
2988,arom-alyphatic,2,0,2,0.0,0,2,0.0,0.0,2,0,1.0,0.0,0,2,0.0,0.0
2989,cysteine-44,1,0,1,0.0,0,1,0.0,0.0,1,0,1.0,0.0,0,1,0.0,0.0
2990,threonine-25,1,0,1,0.0,0,1,0.0,0.0,1,0,1.0,0.0,0,1,0.0,0.0
2991,glycine-143,1,0,1,0.0,0,1,0.0,0.0,1,0,1.0,0.0,0,1,0.0,0.0
2992,cysteine-145,1,0,1,0.0,0,1,0.0,0.0,1,0,1.0,0.0,0,1,0.0,0.0
2993,hydroxyl,15,0,15,0.0,0,15,0.0,0.0,15,0,1.0,0.0,0,15,0.0,0.0
2994,histidine-164,1,0,1,0.0,0,1,0.0,0.0,1,0,1.0,0.0,0,1,0.0,0.0
2995,isoxazole,19,0,19,0.0,0,19,0.0,0.0,19,0,1.0,0.0,0,19,0.0,0.0
2996,mpro-x0104,3,0,3,0.0,0,3,0.0,0.0,3,0,1.0,0.0,0,3,0.0,0.0
2997,engulfs,3,0,3,0.0,0,3,0.0,0.0,3,0,1.0,0.0,0,3,0.0,0.0
2998,rcoo-,3,0,3,0.0,0,3,0.0,0.0,3,0,1.0,0.0,0,3,0.0,0.0
2999,amphiphile,3,0,3,0.0,0,3,0.0,0.0,3,0,1.0,0.0,0,3,0.0,0.0
3000,unnecessary,2,0,2,0.0,0,2,0.0,0.0,2,0,1.0,0.0,0,2,0.0,0.0
3001,en300-314064,1,0,1,0.0,0,1,0.0,0.0,1,0,1.0,0.0,0,1,0.0,0.0
3002,n-vinylphthalimide,1,0,1,0.0,0,1,0.0,0.0,1,0,1.0,0.0,0,1,0.0,0.0
3003,autodockvina,50,1,49,0.02,1,49,0.02,1.0,50,0,1.0,50.0,0,50,0.0,0.0
3004,aromaticity,3,0,3,0.0,0,3,0.0,0.0,3,0,1.0,0.0,0,3,0.0,0.0
3005,wal-wab-9cb-1,2,0,2,0.0,0,2,0.0,0.0,2,0,1.0,0.0,0,2,0.0,0.0
3006,wal-wab-9cb-2,2,0,2,0.0,0,2,0.0,0.0,2,0,1.0,0.0,0,2,0.0,0.0
3007,independent,144,6,138,0.0417,3,141,0.0208,0.5,144,0,1.0,48.0,0,144,0.0,0.0
3008,repartitioning,3,0,3,0.0,0,3,0.0,0.0,3,0,1.0,0.0,0,3,0.0,0.0
3009,angstrom,23,3,20,0.1304,3,20,0.1304,1.0,23,0,1.0,7.6667,0,23,0.0,0.0
3010,buffer,3,0,3,0.0,0,3,0.0,0.0,3,0,1.0,0.0,0,3,0.0,0.0
3011,neutralizing,3,0,3,0.0,0,3,0.0,0.0,3,0,1.0,0.0,0,3,0.0,0.0
3012,microsecond,3,0,3,0.0,0,3,0.0,0.0,3,0,1.0,0.0,0,3,0.0,0.0
3013,rmsf,3,0,3,0.0,0,3,0.0,0.0,3,0,1.0,0.0,0,3,0.0,0.0
3014,saturate,67,8,59,0.1194,4,63,0.0597,0.5,67,0,1.0,16.75,4,63,0.0597,1.0
3015,delete,14,1,13,0.0714,0,14,0.0,0.0,14,0,1.0,0.0,0,14,0.0,0.0
3016,amidoethyl,1,0,1,0.0,0,1,0.0,0.0,1,0,1.0,0.0,0,1,0.0,0.0
3017,6-ring,1,0,1,0.0,0,1,0.0,0.0,1,0,1.0,0.0,0,1,0.0,0.0
3018,stereochemical,43,42,1,0.9767,42,1,0.9767,1.0,43,0,1.0,1.0238,41,2,0.9535,0.9762
3019,91419-52-2,1,0,1,0.0,0,1,0.0,0.0,1,0,1.0,0.0,0,1,0.0,0.0
3020,lda,2,0,2,0.0,0,2,0.0,0.0,2,0,1.0,0.0,0,2,0.0,0.0
3021,ethylbromoacetate,2,0,2,0.0,0,2,0.0,0.0,2,0,1.0,0.0,0,2,0.0,0.0
3022,raney,1,0,1,0.0,0,1,0.0,0.0,1,0,1.0,0.0,0,1,0.0,0.0
3023,spirocyclic,16,3,13,0.1875,1,15,0.0625,0.3333,16,0,1.0,16.0,1,15,0.0625,1.0
3024,requisite,21,2,19,0.0952,2,19,0.0952,1.0,21,0,1.0,10.5,2,19,0.0952,1.0
3025,sulfonylation,1,0,1,0.0,0,1,0.0,0.0,1,0,1.0,0.0,0,1,0.0,0.0
3026,boc,54,4,50,0.0741,3,51,0.0556,0.75,54,0,1.0,18.0,3,51,0.0556,1.0
3027,2-bromoethylamine,1,0,1,0.0,0,1,0.0,0.0,1,0,1.0,0.0,0,1,0.0,0.0
3028,acylation,14,6,8,0.4286,2,12,0.1429,0.3333,14,0,1.0,7.0,2,12,0.1429,1.0
3029,aminoethyl,1,0,1,0.0,0,1,0.0,0.0,1,0,1.0,0.0,0,1,0.0,0.0
3030,aminopropyl,1,0,1,0.0,0,1,0.0,0.0,1,0,1.0,0.0,0,1,0.0,0.0
3031,acrylonitrile,1,0,1,0.0,0,1,0.0,0.0,1,0,1.0,0.0,0,1,0.0,0.0
3032,reduction,92,42,50,0.4565,41,51,0.4457,0.9762,92,0,1.0,2.2439,41,51,0.4457,1.0
3033,gap,29,7,22,0.2414,7,22,0.2414,1.0,29,0,1.0,4.1429,7,22,0.2414,1.0
3034,characteristics,21,0,21,0.0,0,21,0.0,0.0,21,0,1.0,0.0,0,21,0.0,0.0
3035,cov-2,453,34,419,0.0751,27,426,0.0596,0.7941,453,0,1.0,16.7778,16,437,0.0353,0.5926
3036,fulfill,3,0,3,0.0,0,3,0.0,0.0,3,0,1.0,0.0,0,3,0.0,0.0
3037,tryptophan,3,0,3,0.0,0,3,0.0,0.0,3,0,1.0,0.0,0,3,0.0,0.0
3038,tighten,2,0,2,0.0,0,2,0.0,0.0,2,0,1.0,0.0,0,2,0.0,0.0
3039,reside,3,0,3,0.0,0,3,0.0,0.0,3,0,1.0,0.0,0,3,0.0,0.0
3040,sidehcinas,1,0,1,0.0,0,1,0.0,0.0,1,0,1.0,0.0,0,1,0.0,0.0
3041,flipped,18,1,17,0.0556,1,17,0.0556,1.0,18,0,1.0,18.0,1,17,0.0556,1.0
3042,oportunities,1,0,1,0.0,0,1,0.0,0.0,1,0,1.0,0.0,0,1,0.0,0.0
3043,methylamine,2,0,2,0.0,0,2,0.0,0.0,2,0,1.0,0.0,0,2,0.0,0.0
3044,methylhydroxyl,1,0,1,0.0,0,1,0.0,0.0,1,0,1.0,0.0,0,1,0.0,0.0
3045,guidelines,3,0,3,0.0,0,3,0.0,0.0,3,0,1.0,0.0,0,3,0.0,0.0
3046,limits,12,0,12,0.0,0,12,0.0,0.0,12,0,1.0,0.0,0,12,0.0,0.0
3047,max_atoms,3,0,3,0.0,0,3,0.0,0.0,3,0,1.0,0.0,0,3,0.0,0.0
3048,max_rotbonds,3,0,3,0.0,0,3,0.0,0.0,3,0,1.0,0.0,0,3,0.0,0.0
3049,define,175,11,164,0.0629,11,164,0.0629,1.0,175,0,1.0,15.9091,5,170,0.0286,0.4545
3050,hydroxymethyl,6,0,6,0.0,0,6,0.0,0.0,6,0,1.0,0.0,0,6,0.0,0.0
3051,pyridin-3-yl,20,0,20,0.0,0,20,0.0,0.0,20,0,1.0,0.0,0,20,0.0,0.0
3052,trialling,6,0,6,0.0,0,6,0.0,0.0,6,0,1.0,0.0,0,6,0.0,0.0
3053,span,10,0,10,0.0,0,10,0.0,0.0,10,0,1.0,0.0,0,10,0.0,0.0
3054,cscr00015600274,6,0,6,0.0,0,6,0.0,0.0,6,0,1.0,0.0,0,6,0.0,0.0
3055,z1551628986,6,0,6,0.0,0,6,0.0,0.0,6,0,1.0,0.0,0,6,0.0,0.0
3056,cscr01640577599,6,0,6,0.0,0,6,0.0,0.0,6,0,1.0,0.0,0,6,0.0,0.0
3057,z3542454033,6,0,6,0.0,0,6,0.0,0.0,6,0,1.0,0.0,0,6,0.0,0.0
3058,cscr00029367120,6,0,6,0.0,0,6,0.0,0.0,6,0,1.0,0.0,0,6,0.0,0.0
3059,z1784165492,6,0,6,0.0,0,6,0.0,0.0,6,0,1.0,0.0,0,6,0.0,0.0
3060,cscr00045253863,6,0,6,0.0,0,6,0.0,0.0,6,0,1.0,0.0,0,6,0.0,0.0
3061,z2635303491,6,0,6,0.0,0,6,0.0,0.0,6,0,1.0,0.0,0,6,0.0,0.0
3062,cscr00253153649,6,0,6,0.0,0,6,0.0,0.0,6,0,1.0,0.0,0,6,0.0,0.0
3063,z2480367211,6,0,6,0.0,0,6,0.0,0.0,6,0,1.0,0.0,0,6,0.0,0.0
3064,cpd6,6,0,6,0.0,0,6,0.0,0.0,6,0,1.0,0.0,0,6,0.0,0.0
3065,hydroxy-ethyl,8,0,8,0.0,0,8,0.0,0.0,8,0,1.0,0.0,0,8,0.0,0.0
3066,methyl-urea,6,0,6,0.0,0,6,0.0,0.0,6,0,1.0,0.0,0,6,0.0,0.0
3067,sitting,6,0,6,0.0,0,6,0.0,0.0,6,0,1.0,0.0,0,6,0.0,0.0
3068,mainchain,6,0,6,0.0,0,6,0.0,0.0,6,0,1.0,0.0,0,6,0.0,0.0
3069,low-mid,6,0,6,0.0,0,6,0.0,0.0,6,0,1.0,0.0,0,6,0.0,0.0
3070,noticing,2,0,2,0.0,0,2,0.0,0.0,2,0,1.0,0.0,0,2,0.0,0.0
3071,displacement,30,27,3,0.9,11,19,0.3667,0.4074,30,0,1.0,2.7273,9,21,0.3,0.8182
3072,farthest,1,0,1,0.0,0,1,0.0,0.0,1,0,1.0,0.0,0,1,0.0,0.0
3073,amu,5,0,5,0.0,0,5,0.0,0.0,5,0,1.0,0.0,0,5,0.0,0.0
3074,regular,1,0,1,0.0,0,1,0.0,0.0,1,0,1.0,0.0,0,1,0.0,0.0
3075,non-polar,18,0,18,0.0,0,18,0.0,0.0,18,0,1.0,0.0,0,18,0.0,0.0
3076,exist,120,18,102,0.15,16,104,0.1333,0.8889,120,0,1.0,7.5,7,113,0.0583,0.4375
3077,atmosphere,1,0,1,0.0,0,1,0.0,0.0,1,0,1.0,0.0,0,1,0.0,0.0
3078,resonance,2,0,2,0.0,0,2,0.0,0.0,2,0,1.0,0.0,0,2,0.0,0.0
3079,proton,124,5,119,0.0403,4,120,0.0323,0.8,124,0,1.0,31.0,4,120,0.0323,1.0
3080,capabilities,1,0,1,0.0,0,1,0.0,0.0,1,0,1.0,0.0,0,1,0.0,0.0
3081,disregard,2,0,2,0.0,0,2,0.0,0.0,2,0,1.0,0.0,0,2,0.0,0.0
3082,alanine,7,0,7,0.0,0,7,0.0,0.0,7,0,1.0,0.0,0,7,0.0,0.0
3083,foundation,1,0,1,0.0,0,1,0.0,0.0,1,0,1.0,0.0,0,1,0.0,0.0
3084,donate,14,5,9,0.3571,4,10,0.2857,0.8,14,0,1.0,3.5,4,10,0.2857,1.0
3085,balance,19,4,15,0.2105,4,15,0.2105,1.0,19,0,1.0,4.75,4,15,0.2105,1.0
3086,methylurea,2,0,2,0.0,0,2,0.0,0.0,2,0,1.0,0.0,0,2,0.0,0.0
3087,l167-g170,2,0,2,0.0,0,2,0.0,0.0,2,0,1.0,0.0,0,2,0.0,0.0
3088,picomolar,3,0,3,0.0,0,3,0.0,0.0,3,0,1.0,0.0,0,3,0.0,0.0
3089,compounds1,2,0,2,0.0,0,2,0.0,0.0,2,0,1.0,0.0,0,2,0.0,0.0
3090,csmlig,5,0,5,0.0,0,5,0.0,0.0,5,0,1.0,0.0,0,5,0.0,0.0
3091,continuing,1,0,1,0.0,0,1,0.0,0.0,1,0,1.0,0.0,0,1,0.0,0.0
3092,ethyl-hydroxy,1,0,1,0.0,0,1,0.0,0.0,1,0,1.0,0.0,0,1,0.0,0.0
3093,pico-nanomolar,6,0,6,0.0,0,6,0.0,0.0,6,0,1.0,0.0,0,6,0.0,0.0
3094,3rd,17,0,17,0.0,0,17,0.0,0.0,17,0,1.0,0.0,0,17,0.0,0.0
3095,resolvable,3,0,3,0.0,0,3,0.0,0.0,3,0,1.0,0.0,0,3,0.0,0.0
3096,nitogen,3,0,3,0.0,0,3,0.0,0.0,3,0,1.0,0.0,0,3,0.0,0.0
3097,t24,3,0,3,0.0,0,3,0.0,0.0,3,0,1.0,0.0,0,3,0.0,0.0
3098,nc1-3,3,0,3,0.0,0,3,0.0,0.0,3,0,1.0,0.0,0,3,0.0,0.0
3099,1-3,224,11,213,0.0491,9,215,0.0402,0.8182,224,0,1.0,24.8889,9,215,0.0402,1.0
3100,nasty,3,0,3,0.0,0,3,0.0,0.0,3,0,1.0,0.0,0,3,0.0,0.0
3101,tumurogenic,3,0,3,0.0,0,3,0.0,0.0,3,0,1.0,0.0,0,3,0.0,0.0
3102,reproductive,3,0,3,0.0,0,3,0.0,0.0,3,0,1.0,0.0,0,3,0.0,0.0
3103,-o-,46,0,46,0.0,0,46,0.0,0.0,46,0,1.0,0.0,0,46,0.0,0.0
3104,one-stage,45,0,45,0.0,0,45,0.0,0.0,45,0,1.0,0.0,0,45,0.0,0.0
3105,placeholder,524,11,513,0.021,11,513,0.021,1.0,524,0,1.0,47.6364,7,517,0.0134,0.6364
3106,oh-,24,1,23,0.0417,1,23,0.0417,1.0,24,0,1.0,24.0,1,23,0.0417,1.0
3107,melatonin-like,2,0,2,0.0,0,2,0.0,0.0,2,0,1.0,0.0,0,2,0.0,0.0
3108,superpose,11,0,11,0.0,0,11,0.0,0.0,11,0,1.0,0.0,0,11,0.0,0.0
3109,non-interacting,2,0,2,0.0,0,2,0.0,0.0,2,0,1.0,0.0,0,2,0.0,0.0
3110,melatolin-like,2,0,2,0.0,0,2,0.0,0.0,2,0,1.0,0.0,0,2,0.0,0.0
3111,sarscov2,1,0,1,0.0,0,1,0.0,0.0,1,0,1.0,0.0,0,1,0.0,0.0
3112,alpha-chloro-acetyl,1,0,1,0.0,0,1,0.0,0.0,1,0,1.0,0.0,0,1,0.0,0.0
3113,alpha-beta,1,0,1,0.0,0,1,0.0,0.0,1,0,1.0,0.0,0,1,0.0,0.0
3114,unsaturated,17,2,15,0.1176,0,17,0.0,0.0,17,0,1.0,0.0,0,17,0.0,0.0
3115,sugested,1,0,1,0.0,0,1,0.0,0.0,1,0,1.0,0.0,0,1,0.0,0.0
3116,isatine,1,0,1,0.0,0,1,0.0,0.0,1,0,1.0,0.0,0,1,0.0,0.0
3117,condensation,1,0,1,0.0,0,1,0.0,0.0,1,0,1.0,0.0,0,1,0.0,0.0
3118,acetophenone,22,0,22,0.0,0,22,0.0,0.0,22,0,1.0,0.0,0,22,0.0,0.0
3119,chloroacetyl,15,6,9,0.4,5,10,0.3333,0.8333,15,0,1.0,3.0,5,10,0.3333,1.0
3120,hybrid2,13,0,13,0.0,0,13,0.0,0.0,13,0,1.0,0.0,0,13,0.0,0.0
3121,decompose,13,0,13,0.0,0,13,0.0,0.0,13,0,1.0,0.0,0,13,0.0,0.0
3122,keen,32,0,32,0.0,0,32,0.0,0.0,32,0,1.0,0.0,0,32,0.0,0.0
3123,trend,31,7,24,0.2258,4,27,0.129,0.5714,31,0,1.0,7.75,4,27,0.129,1.0
3124,pred,2795,93,2702,0.0333,72,2723,0.0258,0.7742,2795,0,1.0,38.8194,29,2766,0.0104,0.4028
3125,primarily,2,0,2,0.0,0,2,0.0,0.0,2,0,1.0,0.0,0,2,0.0,0.0
3126,assistance,2,0,2,0.0,0,2,0.0,0.0,2,0,1.0,0.0,0,2,0.0,0.0
3127,visualization,2,0,2,0.0,0,2,0.0,0.0,2,0,1.0,0.0,0,2,0.0,0.0
3128,ambertools,2,0,2,0.0,0,2,0.0,0.0,2,0,1.0,0.0,0,2,0.0,0.0
3129,suite,39,1,38,0.0256,1,38,0.0256,1.0,39,0,1.0,39.0,1,38,0.0256,1.0
3130,antechamber,2,0,2,0.0,0,2,0.0,0.0,2,0,1.0,0.0,0,2,0.0,0.0
3131,sander,2,0,2,0.0,0,2,0.0,0.0,2,0,1.0,0.0,0,2,0.0,0.0
3132,sqm,2,0,2,0.0,0,2,0.0,0.0,2,0,1.0,0.0,0,2,0.0,0.0
3133,sidneypaulymer,2,0,2,0.0,0,2,0.0,0.0,2,0,1.0,0.0,0,2,0.0,0.0
3134,covid-19-therapeutics-design-of-inhibitors-of-the-sars-cov-2-main-protease,2,0,2,0.0,0,2,0.0,0.0,2,0,1.0,0.0,0,2,0.0,0.0
3135,reviewers,2,0,2,0.0,0,2,0.0,0.0,2,0,1.0,0.0,0,2,0.0,0.0
3136,appendix,2,0,2,0.0,0,2,0.0,0.0,2,0,1.0,0.0,0,2,0.0,0.0
3137,z1239843984,6,4,2,0.6667,3,3,0.5,0.75,6,0,1.0,2.0,0,6,0.0,0.0
3138,z1982193847,6,4,2,0.6667,3,3,0.5,0.75,6,0,1.0,2.0,0,6,0.0,0.0
3139,z2377567082,6,4,2,0.6667,3,3,0.5,0.75,6,0,1.0,2.0,0,6,0.0,0.0
3140,z2314958464,6,4,2,0.6667,3,3,0.5,0.75,6,0,1.0,2.0,0,6,0.0,0.0
3141,cha-kin-cd2,3,0,3,0.0,0,3,0.0,0.0,3,0,1.0,0.0,0,3,0.0,0.0
3142,ranging,3,0,3,0.0,0,3,0.0,0.0,3,0,1.0,0.0,0,3,0.0,0.0
3143,aminosulphonamide,3,0,3,0.0,0,3,0.0,0.0,3,0,1.0,0.0,0,3,0.0,0.0
3144,longer,135,4,131,0.0296,3,132,0.0222,0.75,135,0,1.0,45.0,1,134,0.0074,0.3333
3145,methylaminosulphonamide,3,0,3,0.0,0,3,0.0,0.0,3,0,1.0,0.0,0,3,0.0,0.0
3146,trivial,5,1,4,0.2,1,4,0.2,1.0,5,0,1.0,5.0,1,4,0.2,1.0
3147,2-trifluoroethyl,3,0,3,0.0,0,3,0.0,0.0,3,0,1.0,0.0,0,3,0.0,0.0
3148,4-methylpyridin-3-yl,6,0,6,0.0,0,6,0.0,0.0,6,0,1.0,0.0,0,6,0.0,0.0
3149,en300-174938,3,0,3,0.0,0,3,0.0,0.0,3,0,1.0,0.0,0,3,0.0,0.0
3150,bd00996717,3,0,3,0.0,0,3,0.0,0.0,3,0,1.0,0.0,0,3,0.0,0.0
3151,amino-cyclohexane,3,0,3,0.0,0,3,0.0,0.0,3,0,1.0,0.0,0,3,0.0,0.0
3152,cyclohexylamino,3,0,3,0.0,0,3,0.0,0.0,3,0,1.0,0.0,0,3,0.0,0.0
3153,aminosulfonamide,3,0,3,0.0,0,3,0.0,0.0,3,0,1.0,0.0,0,3,0.0,0.0
3154,bbv-47370184,3,0,3,0.0,0,3,0.0,0.0,3,0,1.0,0.0,0,3,0.0,0.0
3155,purchasable,102,97,5,0.951,58,44,0.5686,0.5979,102,0,1.0,1.7586,50,52,0.4902,0.8621
3156,uorsy,3,0,3,0.0,0,3,0.0,0.0,3,0,1.0,0.0,0,3,0.0,0.0
3157,ouptut,3,0,3,0.0,0,3,0.0,0.0,3,0,1.0,0.0,0,3,0.0,0.0
3158,compound3,3,0,3,0.0,0,3,0.0,0.0,3,0,1.0,0.0,0,3,0.0,0.0
3159,parity,5,0,5,0.0,0,5,0.0,0.0,5,0,1.0,0.0,0,5,0.0,0.0
3160,chembiol,2,0,2,0.0,0,2,0.0,0.0,2,0,1.0,0.0,0,2,0.0,0.0
3161,goldplp,37,0,37,0.0,0,37,0.0,0.0,37,0,1.0,0.0,0,37,0.0,0.0
3162,image,8,0,8,0.0,0,8,0.0,0.0,8,0,1.0,0.0,0,8,0.0,0.0
3163,vitamin,1,0,1,0.0,0,1,0.0,0.0,1,0,1.0,0.0,0,1,0.0,0.0
3164,hansen,3,0,3,0.0,0,3,0.0,0.0,3,0,1.0,0.0,0,3,0.0,0.0
3165,parameter,45,6,39,0.1333,6,39,0.1333,1.0,45,0,1.0,7.5,0,45,0.0,0.0
3166,catecin,3,0,3,0.0,0,3,0.0,0.0,3,0,1.0,0.0,0,3,0.0,0.0
3167,teriflunomide,1,0,1,0.0,0,1,0.0,0.0,1,0,1.0,0.0,0,1,0.0,0.0
3168,metabolite,40,7,33,0.175,5,35,0.125,0.7143,40,0,1.0,8.0,3,37,0.075,0.6
3169,leflunomide,19,12,7,0.6316,12,7,0.6316,1.0,19,0,1.0,1.5833,1,18,0.0526,0.0833
3170,para-cf3,1,0,1,0.0,0,1,0.0,0.0,1,0,1.0,0.0,0,1,0.0,0.0
3171,cis-,5,0,5,0.0,0,5,0.0,0.0,5,0,1.0,0.0,0,5,0.0,0.0
3172,trans-,26,0,26,0.0,0,26,0.0,0.0,26,0,1.0,0.0,0,26,0.0,0.0
3173,prodrug,31,1,30,0.0323,1,30,0.0323,1.0,31,0,1.0,31.0,1,30,0.0323,1.0
3174,precursor,7,0,7,0.0,0,7,0.0,0.0,7,0,1.0,0.0,0,7,0.0,0.0
3175,cmv,1,0,1,0.0,0,1,0.0,0.0,1,0,1.0,0.0,0,1,0.0,0.0
3176,hsv1,1,0,1,0.0,0,1,0.0,0.0,1,0,1.0,0.0,0,1,0.0,0.0
3177,nucleocapsid,1,0,1,0.0,0,1,0.0,0.0,1,0,1.0,0.0,0,1,0.0,0.0
3178,tegumentation,1,0,1,0.0,0,1,0.0,0.0,1,0,1.0,0.0,0,1,0.0,0.0
3179,rheumatology,1,0,1,0.0,0,1,0.0,0.0,1,0,1.0,0.0,0,1,0.0,0.0
3180,immunotherapy,1,0,1,0.0,0,1,0.0,0.0,1,0,1.0,0.0,0,1,0.0,0.0
3181,imt,1,0,1,0.0,0,1,0.0,0.0,1,0,1.0,0.0,0,1,0.0,0.0
3182,pmid,1,0,1,0.0,0,1,0.0,0.0,1,0,1.0,0.0,0,1,0.0,0.0
3183,haemophilus,1,0,1,0.0,0,1,0.0,0.0,1,0,1.0,0.0,0,1,0.0,0.0
3184,influenzae,1,0,1,0.0,0,1,0.0,0.0,1,0,1.0,0.0,0,1,0.0,0.0
3185,vaccine,1,0,1,0.0,0,1,0.0,0.0,1,0,1.0,0.0,0,1,0.0,0.0
3186,fever,1,0,1,0.0,0,1,0.0,0.0,1,0,1.0,0.0,0,1,0.0,0.0
3187,infection,42,0,42,0.0,0,42,0.0,0.0,42,0,1.0,0.0,0,42,0.0,0.0
3188,immunosuppressive,1,0,1,0.0,0,1,0.0,0.0,1,0,1.0,0.0,0,1,0.0,0.0
3189,tripeptide,1,0,1,0.0,0,1,0.0,0.0,1,0,1.0,0.0,0,1,0.0,0.0
3190,angiotensin,1,0,1,0.0,0,1,0.0,0.0,1,0,1.0,0.0,0,1,0.0,0.0
3191,pantoliano,1,0,1,0.0,0,1,0.0,0.0,1,0,1.0,0.0,0,1,0.0,0.0
3192,speculated,1,0,1,0.0,0,1,0.0,0.0,1,0,1.0,0.0,0,1,0.0,0.0
3193,characterization,1,0,1,0.0,0,1,0.0,0.0,1,0,1.0,0.0,0,1,0.0,0.0
3194,ace2,5,0,5,0.0,0,5,0.0,0.0,5,0,1.0,0.0,0,5,0.0,0.0
3195,distortion,1,0,1,0.0,0,1,0.0,0.0,1,0,1.0,0.0,0,1,0.0,0.0
3196,adequate,36,6,30,0.1667,5,31,0.1389,0.8333,36,0,1.0,7.2,5,31,0.1389,1.0
3197,disfavor,1,0,1,0.0,0,1,0.0,0.0,1,0,1.0,0.0,0,1,0.0,0.0
3198,incidentally,2,0,2,0.0,0,2,0.0,0.0,2,0,1.0,0.0,0,2,0.0,0.0
3199,efficiency,40,3,37,0.075,2,38,0.05,0.6667,40,0,1.0,20.0,2,38,0.05,1.0
3200,despite,1,0,1,0.0,0,1,0.0,0.0,1,0,1.0,0.0,0,1,0.0,0.0
3201,imply,249,4,245,0.0161,1,248,0.004,0.25,249,0,1.0,249.0,1,248,0.004,1.0
3202,quasi-inhibitors,1,0,1,0.0,0,1,0.0,0.0,1,0,1.0,0.0,0,1,0.0,0.0
3203,induce,64,2,62,0.0312,0,64,0.0,0.0,64,0,1.0,0.0,0,64,0.0,0.0
3204,digestion,1,0,1,0.0,0,1,0.0,0.0,1,0,1.0,0.0,0,1,0.0,0.0
3205,diet,5,0,5,0.0,0,5,0.0,0.0,5,0,1.0,0.0,0,5,0.0,0.0
3206,factor,71,5,66,0.0704,3,68,0.0423,0.6,71,0,1.0,23.6667,1,70,0.0141,0.3333
3207,susceptibility,1,0,1,0.0,0,1,0.0,0.0,1,0,1.0,0.0,0,1,0.0,0.0
3208,delivery,77,76,1,0.987,76,1,0.987,1.0,77,0,1.0,1.0132,74,3,0.961,0.9737
3209,aerosol,1,0,1,0.0,0,1,0.0,0.0,1,0,1.0,0.0,0,1,0.0,0.0
3210,believed,1,0,1,0.0,0,1,0.0,0.0,1,0,1.0,0.0,0,1,0.0,0.0
3211,try510,1,0,1,0.0,0,1,0.0,0.0,1,0,1.0,0.0,0,1,0.0,0.0
3212,lid,534,52,482,0.0974,51,483,0.0955,0.9808,534,0,1.0,10.4706,32,502,0.0599,0.6275
3213,summary,1,0,1,0.0,0,1,0.0,0.0,1,0,1.0,0.0,0,1,0.0,0.0
3214,pdfhost,1,0,1,0.0,0,1,0.0,0.0,1,0,1.0,0.0,0,1,0.0,0.0
3215,yjcy0deio_covid19pdf,1,0,1,0.0,0,1,0.0,0.0,1,0,1.0,0.0,0,1,0.0,0.0
3216,pdf,11,0,11,0.0,0,11,0.0,0.0,11,0,1.0,0.0,0,11,0.0,0.0
3217,apologize,1,0,1,0.0,0,1,0.0,0.0,1,0,1.0,0.0,0,1,0.0,0.0
3218,crudeness,1,0,1,0.0,0,1,0.0,0.0,1,0,1.0,0.0,0,1,0.0,0.0
3219,therein,1,0,1,0.0,0,1,0.0,0.0,1,0,1.0,0.0,0,1,0.0,0.0
3220,specialization,1,0,1,0.0,0,1,0.0,0.0,1,0,1.0,0.0,0,1,0.0,0.0
3221,sophistication,1,0,1,0.0,0,1,0.0,0.0,1,0,1.0,0.0,0,1,0.0,0.0
3222,whom,1,0,1,0.0,0,1,0.0,0.0,1,0,1.0,0.0,0,1,0.0,0.0
3223,thymidine,1,0,1,0.0,0,1,0.0,0.0,1,0,1.0,0.0,0,1,0.0,0.0
3224,adenine,1,0,1,0.0,0,1,0.0,0.0,1,0,1.0,0.0,0,1,0.0,0.0
3225,bioassay,5,4,1,0.8,4,1,0.8,1.0,5,0,1.0,1.25,4,1,0.8,1.0
3226,sar-cov,4,4,0,1.0,4,0,1.0,1.0,4,0,1.0,1.0,4,0,1.0,1.0
3227,z56955922,4,4,0,1.0,4,0,1.0,1.0,4,0,1.0,1.0,4,0,1.0,1.0
3228,z30450892,4,4,0,1.0,4,0,1.0,1.0,4,0,1.0,1.0,4,0,1.0,1.0
3229,z29513321,4,4,0,1.0,4,0,1.0,1.0,4,0,1.0,1.0,4,0,1.0,1.0
3230,z27770229,4,4,0,1.0,4,0,1.0,1.0,4,0,1.0,1.0,4,0,1.0,1.0
3231,decision,8,5,3,0.625,5,3,0.625,1.0,8,0,1.0,1.6,5,3,0.625,1.0
3232,avg,9,0,9,0.0,0,9,0.0,0.0,9,0,1.0,0.0,0,9,0.0,0.0
3233,cyclopropyl,86,25,61,0.2907,20,66,0.2326,0.8,86,0,1.0,4.3,12,74,0.1395,0.6
3234,enlarging,7,0,7,0.0,0,7,0.0,0.0,7,0,1.0,0.0,0,7,0.0,0.0
3235,acylate,7,0,7,0.0,0,7,0.0,0.0,7,0,1.0,0.0,0,7,0.0,0.0
3236,en300-131175,7,0,7,0.0,0,7,0.0,0.0,7,0,1.0,0.0,0,7,0.0,0.0
3237,acryloyl,9,1,8,0.1111,1,8,0.1111,1.0,9,0,1.0,9.0,1,8,0.1111,1.0
3238,n-methylpiperazine,9,0,9,0.0,0,9,0.0,0.0,9,0,1.0,0.0,0,9,0.0,0.0
3239,hydrogenation,13,1,12,0.0769,1,12,0.0769,1.0,13,0,1.0,13.0,1,12,0.0769,1.0
3240,intriguing,22,0,22,0.0,0,22,0.0,0.0,22,0,1.0,0.0,0,22,0.0,0.0
3241,epsilon,22,0,22,0.0,0,22,0.0,0.0,22,0,1.0,0.0,0,22,0.0,0.0
3242,obsured,22,0,22,0.0,0,22,0.0,0.0,22,0,1.0,0.0,0,22,0.0,0.0
3243,distracting,22,0,22,0.0,0,22,0.0,0.0,22,0,1.0,0.0,0,22,0.0,0.0
3244,aniline-nh2,22,0,22,0.0,0,22,0.0,0.0,22,0,1.0,0.0,0,22,0.0,0.0
3245,asp142,22,0,22,0.0,0,22,0.0,0.0,22,0,1.0,0.0,0,22,0.0,0.0
3246,exocyclic,22,0,22,0.0,0,22,0.0,0.0,22,0,1.0,0.0,0,22,0.0,0.0
3247,heteroaromatic,645,8,637,0.0124,7,638,0.0109,0.875,645,0,1.0,92.1429,7,638,0.0109,1.0
3248,protonation,37,1,36,0.027,1,36,0.027,1.0,37,0,1.0,37.0,1,36,0.027,1.0
3249,ugi,1093,486,607,0.4446,482,611,0.441,0.9918,1093,0,1.0,2.2676,372,721,0.3403,0.7718
3250,beginning,48,47,1,0.9792,47,1,0.9792,1.0,48,0,1.0,1.0213,6,42,0.125,0.1277
3251,projection,2,0,2,0.0,0,2,0.0,0.0,2,0,1.0,0.0,0,2,0.0,0.0
3252,9b7,1,0,1,0.0,0,1,0.0,0.0,1,0,1.0,0.0,0,1,0.0,0.0
3253,eb7,18,2,16,0.1111,2,16,0.1111,1.0,18,0,1.0,9.0,0,18,0.0,0.0
3254,sulfer,1,0,1,0.0,0,1,0.0,0.0,1,0,1.0,0.0,0,1,0.0,0.0
3255,closer,25,0,25,0.0,0,25,0.0,0.0,25,0,1.0,0.0,0,25,0.0,0.0
3256,c1f,111,0,111,0.0,0,111,0.0,0.0,111,0,1.0,0.0,0,111,0.0,0.0
3257,auranofin,1,0,1,0.0,0,1,0.0,0.0,1,0,1.0,0.0,0,1,0.0,0.0
3258,deacetylation,1,0,1,0.0,0,1,0.0,0.0,1,0,1.0,0.0,0,1,0.0,0.0
3259,activate,14,0,14,0.0,0,14,0.0,0.0,14,0,1.0,0.0,0,14,0.0,0.0
3260,fourm,1,0,1,0.0,0,1,0.0,0.0,1,0,1.0,0.0,0,1,0.0,0.0
3261,tryptamine-based,8,0,8,0.0,0,8,0.0,0.0,8,0,1.0,0.0,0,8,0.0,0.0
3262,desirable,37,1,36,0.027,1,36,0.027,1.0,37,0,1.0,37.0,0,37,0.0,0.0
3263,tyrosine54,37,1,36,0.027,1,36,0.027,1.0,37,0,1.0,37.0,0,37,0.0,0.0
3264,n-methyl,209,29,180,0.1388,14,195,0.067,0.4828,209,0,1.0,14.9286,14,195,0.067,1.0
3265,pyrrolopyridine,26,0,26,0.0,0,26,0.0,0.0,26,0,1.0,0.0,0,26,0.0,0.0
3266,cysteine145,37,1,36,0.027,1,36,0.027,1.0,37,0,1.0,37.0,0,37,0.0,0.0
3267,histidine162,37,1,36,0.027,1,36,0.027,1.0,37,0,1.0,37.0,0,37,0.0,0.0
3268,anchorage,15,0,15,0.0,0,15,0.0,0.0,15,0,1.0,0.0,0,15,0.0,0.0
3269,methionine164,3,0,3,0.0,0,3,0.0,0.0,3,0,1.0,0.0,0,3,0.0,0.0
3270,asparagine141,5,0,5,0.0,0,5,0.0,0.0,5,0,1.0,0.0,0,5,0.0,0.0
3271,glutamine188,5,0,5,0.0,0,5,0.0,0.0,5,0,1.0,0.0,0,5,0.0,0.0
3272,med-chem,132,54,78,0.4091,27,105,0.2045,0.5,132,0,1.0,4.8889,21,111,0.1591,0.7778
3273,naked,37,37,0,1.0,13,24,0.3514,0.3514,37,0,1.0,2.8462,9,28,0.2432,0.6923
3274,bromo,103,44,59,0.4272,18,85,0.1748,0.4091,103,0,1.0,5.7222,13,90,0.1262,0.7222
3275,halo,220,47,173,0.2136,22,198,0.1,0.4681,220,0,1.0,10.0,17,203,0.0773,0.7727
3276,indebted,37,37,0,1.0,13,24,0.3514,0.3514,37,0,1.0,2.8462,9,28,0.2432,0.6923
3277,submitters,37,37,0,1.0,13,24,0.3514,0.3514,37,0,1.0,2.8462,9,28,0.2432,0.6923
3278,spreadsheets,37,37,0,1.0,13,24,0.3514,0.3514,37,0,1.0,2.8462,9,28,0.2432,0.6923
3279,1qgwuvqpmviqdg1yhyrdwrwiirkthtkjzxn3_sqcqur4,37,37,0,1.0,13,24,0.3514,0.3514,37,0,1.0,2.8462,9,28,0.2432,0.6923
3280,edit,173,67,106,0.3873,41,132,0.237,0.6119,173,0,1.0,4.2195,12,161,0.0694,0.2927
3281,bio-activity,1,0,1,0.0,0,1,0.0,0.0,1,0,1.0,0.0,0,1,0.0,0.0
3282,autodock4,1,0,1,0.0,0,1,0.0,0.0,1,0,1.0,0.0,0,1,0.0,0.0
3283,sid-elm-258,22,0,22,0.0,0,22,0.0,0.0,22,0,1.0,0.0,0,22,0.0,0.0
3284,fluoro-,121,0,121,0.0,0,121,0.0,0.0,121,0,1.0,0.0,0,121,0.0,0.0
3285,batch,1026,102,924,0.0994,99,927,0.0965,0.9706,1026,0,1.0,10.3636,26,1000,0.0253,0.2626
3286,chloro-,86,3,83,0.0349,1,85,0.0116,0.3333,86,0,1.0,86.0,0,86,0.0,0.0
3287,consist,240,16,224,0.0667,11,229,0.0458,0.6875,240,0,1.0,21.8182,4,236,0.0167,0.3636
3288,strategies,36,0,36,0.0,0,36,0.0,0.0,36,0,1.0,0.0,0,36,0.0,0.0
3289,ketoamide,44,5,39,0.1136,4,40,0.0909,0.8,44,0,1.0,11.0,1,43,0.0227,0.25
3290,chloroamide,1,0,1,0.0,0,1,0.0,0.0,1,0,1.0,0.0,0,1,0.0,0.0
3291,piperizine,16,0,16,0.0,0,16,0.0,0.0,16,0,1.0,0.0,0,16,0.0,0.0
3292,bioisostere,65,5,60,0.0769,5,60,0.0769,1.0,65,0,1.0,13.0,0,65,0.0,0.0
3293,oxazole,109,49,60,0.4495,49,60,0.4495,1.0,109,0,1.0,2.2245,49,60,0.4495,1.0
3294,acetyl,181,12,169,0.0663,11,170,0.0608,0.9167,181,0,1.0,16.4545,5,176,0.0276,0.4545
3295,fluoro,422,29,393,0.0687,22,400,0.0521,0.7586,422,0,1.0,19.1818,17,405,0.0403,0.7727
3296,epoxide,16,0,16,0.0,0,16,0.0,0.0,16,0,1.0,0.0,0,16,0.0,0.0
3297,tetrahydrobenzothiophene,15,0,15,0.0,0,15,0.0,0.0,15,0,1.0,0.0,0,15,0.0,0.0
3298,clopidogrel,15,0,15,0.0,0,15,0.0,0.0,15,0,1.0,0.0,0,15,0.0,0.0
3299,n-ethylchloride,15,0,15,0.0,0,15,0.0,0.0,15,0,1.0,0.0,0,15,0.0,0.0
3300,aziridinium,15,0,15,0.0,0,15,0.0,0.0,15,0,1.0,0.0,0,15,0.0,0.0
3301,phenoxybenzamine,15,0,15,0.0,0,15,0.0,0.0,15,0,1.0,0.0,0,15,0.0,0.0
3302,bortezomib,15,0,15,0.0,0,15,0.0,0.0,15,0,1.0,0.0,0,15,0.0,0.0
3303,gilead,10,0,10,0.0,0,10,0.0,0.0,10,0,1.0,0.0,0,10,0.0,0.0
3304,promise,73,6,67,0.0822,4,69,0.0548,0.6667,73,0,1.0,18.25,4,69,0.0548,1.0
3305,oseltamavir,10,0,10,0.0,0,10,0.0,0.0,10,0,1.0,0.0,0,10,0.0,0.0
3306,z1401276297,2,0,2,0.0,0,2,0.0,0.0,2,0,1.0,0.0,0,2,0.0,0.0
3307,z31792168,3,0,3,0.0,0,3,0.0,0.0,3,0,1.0,0.0,0,3,0.0,0.0
3308,z44592329,1,0,1,0.0,0,1,0.0,0.0,1,0,1.0,0.0,0,1,0.0,0.0
3309,z1220452176,12,0,12,0.0,0,12,0.0,0.0,12,0,1.0,0.0,0,12,0.0,0.0
3310,silicostudies,12,0,12,0.0,0,12,0.0,0.0,12,0,1.0,0.0,0,12,0.0,0.0
3311,therapeutic,21,0,21,0.0,0,21,0.0,0.0,21,0,1.0,0.0,0,21,0.0,0.0
3312,repurposingapproach,12,0,12,0.0,0,12,0.0,0.0,12,0,1.0,0.0,0,12,0.0,0.0
3313,july,12,0,12,0.0,0,12,0.0,0.0,12,0,1.0,0.0,0,12,0.0,0.0
3314,sulphoximne,1,0,1,0.0,0,1,0.0,0.0,1,0,1.0,0.0,0,1,0.0,0.0
3315,bioisosterism,33,4,29,0.1212,2,31,0.0606,0.5,33,0,1.0,16.5,0,33,0.0,0.0
3316,concept,74,39,35,0.527,24,50,0.3243,0.6154,74,0,1.0,3.0833,12,62,0.1622,0.5
3317,chloroketones,1,0,1,0.0,0,1,0.0,0.0,1,0,1.0,0.0,0,1,0.0,0.0
3318,non-specific,1,0,1,0.0,0,1,0.0,0.0,1,0,1.0,0.0,0,1,0.0,0.0
3319,wes-wab-2b4,1,0,1,0.0,0,1,0.0,0.0,1,0,1.0,0.0,0,1,0.0,0.0
3320,disposition,1,0,1,0.0,0,1,0.0,0.0,1,0,1.0,0.0,0,1,0.0,0.0
3321,bioisosteric,109,28,81,0.2569,19,90,0.1743,0.6786,109,0,1.0,5.7368,7,102,0.0642,0.3684
3322,entitled,9,0,9,0.0,0,9,0.0,0.0,9,0,1.0,0.0,0,9,0.0,0.0
3323,identification,11,0,11,0.0,0,11,0.0,0.0,11,0,1.0,0.0,0,11,0.0,0.0
3324,authors,19,0,19,0.0,0,19,0.0,0.0,19,0,1.0,0.0,0,19,0.0,0.0
3325,ayman,9,0,9,0.0,0,9,0.0,0.0,9,0,1.0,0.0,0,9,0.0,0.0
3326,farag1,9,0,9,0.0,0,9,0.0,0.0,9,0,1.0,0.0,0,9,0.0,0.0
3327,ping,354,78,276,0.2203,55,299,0.1554,0.7051,354,0,1.0,6.4364,19,335,0.0537,0.3455
3328,wang1,9,0,9,0.0,0,9,0.0,0.0,9,0,1.0,0.0,0,9,0.0,0.0
3329,mahmoud,9,0,9,0.0,0,9,0.0,0.0,9,0,1.0,0.0,0,9,0.0,0.0
3330,ahmed1,9,0,9,0.0,0,9,0.0,0.0,9,0,1.0,0.0,0,9,0.0,0.0
3331,hesham,9,0,9,0.0,0,9,0.0,0.0,9,0,1.0,0.0,0,9,0.0,0.0
3332,sadek1,9,0,9,0.0,0,9,0.0,0.0,9,0,1.0,0.0,0,9,0.0,0.0
3333,nelfinavir,27,0,27,0.0,0,27,0.0,0.0,27,0,1.0,0.0,0,27,0.0,0.0
3334,saquinavir,10,0,10,0.0,0,10,0.0,0.0,10,0,1.0,0.0,0,10,0.0,0.0
3335,substrate-binding,9,0,9,0.0,0,9,0.0,0.0,9,0,1.0,0.0,0,9,0.0,0.0
3336,hypercholesterolemia,9,0,9,0.0,0,9,0.0,0.0,9,0,1.0,0.0,0,9,0.0,0.0
3337,rosuvastatin,9,0,9,0.0,0,9,0.0,0.0,9,0,1.0,0.0,0,9,0.0,0.0
3338,anti-asthma,9,0,9,0.0,0,9,0.0,0.0,9,0,1.0,0.0,0,9,0.0,0.0
3339,anti-histaminic,9,0,9,0.0,0,9,0.0,0.0,9,0,1.0,0.0,0,9,0.0,0.0
3340,fexofenadine,9,0,9,0.0,0,9,0.0,0.0,9,0,1.0,0.0,0,9,0.0,0.0
3341,era,7301,616,6685,0.0844,496,6805,0.0679,0.8052,7301,0,1.0,14.7198,306,6995,0.0419,0.6169
3342,divided,32,0,32,0.0,0,32,0.0,0.0,32,0,1.0,0.0,0,32,0.0,0.0
3343,mol_wt,32,0,32,0.0,0,32,0.0,0.0,32,0,1.0,0.0,0,32,0.0,0.0
3344,7th,13,0,13,0.0,0,13,0.0,0.0,13,0,1.0,0.0,0,13,0.0,0.0
3345,044016v1,4,2,2,0.5,1,3,0.25,0.5,4,0,1.0,4.0,0,4,0.0,0.0
3346,sid-elm-b65,17,0,17,0.0,0,17,0.0,0.0,17,0,1.0,0.0,0,17,0.0,0.0
3347,7-azaindole,17,0,17,0.0,0,17,0.0,0.0,17,0,1.0,0.0,0,17,0.0,0.0
3348,modulate,59,3,56,0.0508,1,58,0.0169,0.3333,59,0,1.0,59.0,1,58,0.0169,1.0
3349,adjust,50,4,46,0.08,3,47,0.06,0.75,50,0,1.0,16.6667,0,50,0.0,0.0
3350,analogous,92,4,88,0.0435,2,90,0.0217,0.5,92,0,1.0,46.0,2,90,0.0217,1.0
3351,ammonium,26,1,25,0.0385,1,25,0.0385,1.0,26,0,1.0,26.0,0,26,0.0,0.0
3352,chloro-substituent,26,0,26,0.0,0,26,0.0,0.0,26,0,1.0,0.0,0,26,0.0,0.0
3353,spe-elm-b65,26,0,26,0.0,0,26,0.0,0.0,26,0,1.0,0.0,0,26,0.0,0.0
3354,fluoro-substituent,26,0,26,0.0,0,26,0.0,0.0,26,0,1.0,0.0,0,26,0.0,0.0
3355,omitted,26,0,26,0.0,0,26,0.0,0.0,26,0,1.0,0.0,0,26,0.0,0.0
3356,n-h,655,11,644,0.0168,10,645,0.0153,0.9091,655,0,1.0,65.5,1,654,0.0015,0.1
3357,acknowledge,4,0,4,0.0,0,4,0.0,0.0,4,0,1.0,0.0,0,4,0.0,0.0
3358,weizmann,597,260,337,0.4355,257,340,0.4305,0.9885,597,0,1.0,2.323,242,355,0.4054,0.9416
3359,institute,19,15,4,0.7895,15,4,0.7895,1.0,19,0,1.0,1.2667,15,4,0.7895,1.0
3360,lon-wei-b8d,16,1,15,0.0625,1,15,0.0625,1.0,16,0,1.0,16.0,0,16,0.0,0.0
3361,specified,32,27,5,0.8438,26,6,0.8125,0.963,32,0,1.0,1.2308,0,32,0.0,0.0
3362,irony,4,0,4,0.0,0,4,0.0,0.0,4,0,1.0,0.0,0,4,0.0,0.0
3363,inactive,11,6,5,0.5455,6,5,0.5455,1.0,11,0,1.0,1.8333,6,5,0.5455,1.0
3364,characterized,1,0,1,0.0,0,1,0.0,0.0,1,0,1.0,0.0,0,1,0.0,0.0
3365,nmr,1,0,1,0.0,0,1,0.0,0.0,1,0,1.0,0.0,0,1,0.0,0.0
3366,mak-unk-e4a-2,1,1,0,1.0,0,1,0.0,0.0,1,0,1.0,0.0,0,1,0.0,0.0
3367,unknown,42,12,30,0.2857,12,30,0.2857,1.0,42,0,1.0,3.5,8,34,0.1905,0.6667
3368,3qzr,1,0,1,0.0,0,1,0.0,0.0,1,0,1.0,0.0,0,1,0.0,0.0
3369,fragment-growing,21,0,21,0.0,0,21,0.0,0.0,21,0,1.0,0.0,0,21,0.0,0.0
3370,openmm,21,0,21,0.0,0,21,0.0,0.0,21,0,1.0,0.0,0,21,0.0,0.0
3371,binding-site,21,0,21,0.0,0,21,0.0,0.0,21,0,1.0,0.0,0,21,0.0,0.0
3372,desolvation,87,18,69,0.2069,17,70,0.1954,0.9444,87,0,1.0,5.1176,9,78,0.1034,0.5294
3373,sascore,45,0,45,0.0,0,45,0.0,0.0,45,0,1.0,0.0,0,45,0.0,0.0
3374,bromoacetylene,18,1,17,0.0556,1,17,0.0556,1.0,18,0,1.0,18.0,0,18,0.0,0.0
3375,paraphenol,18,1,17,0.0556,1,17,0.0556,1.0,18,0,1.0,18.0,0,18,0.0,0.0
3376,seek,18,2,16,0.1111,1,17,0.0556,0.5,18,0,1.0,18.0,0,18,0.0,0.0
3377,maximise,36,1,35,0.0278,1,35,0.0278,1.0,36,0,1.0,36.0,0,36,0.0,0.0
3378,5rfz,4,0,4,0.0,0,4,0.0,0.0,4,0,1.0,0.0,0,4,0.0,0.0
3379,5rg0,2,0,2,0.0,0,2,0.0,0.0,2,0,1.0,0.0,0,2,0.0,0.0
3380,glucuronidation,9,0,9,0.0,0,9,0.0,0.0,9,0,1.0,0.0,0,9,0.0,0.0
3381,acetoxy,2,0,2,0.0,0,2,0.0,0.0,2,0,1.0,0.0,0,2,0.0,0.0
3382,transferred,2,0,2,0.0,0,2,0.0,0.0,2,0,1.0,0.0,0,2,0.0,0.0
3383,inert,2,0,2,0.0,0,2,0.0,0.0,2,0,1.0,0.0,0,2,0.0,0.0
3384,pat-gyr-359-3,7,0,7,0.0,0,7,0.0,0.0,7,0,1.0,0.0,0,7,0.0,0.0
3385,cmpds,30,0,30,0.0,0,30,0.0,0.0,30,0,1.0,0.0,0,30,0.0,0.0
3386,qit,30,0,30,0.0,0,30,0.0,0.0,30,0,1.0,0.0,0,30,0.0,0.0
3387,3cl,151,24,127,0.1589,24,127,0.1589,1.0,151,0,1.0,6.2917,16,135,0.106,0.6667
3388,maybridge,5,5,0,1.0,4,1,0.8,0.8,5,0,1.0,1.25,0,5,0.0,0.0
3389,polarity,18,1,17,0.0556,1,17,0.0556,1.0,18,0,1.0,18.0,1,17,0.0556,1.0
3390,sf5,18,12,6,0.6667,12,6,0.6667,1.0,18,0,1.0,1.5,1,17,0.0556,0.0833
3391,programme,18,12,6,0.6667,12,6,0.6667,1.0,18,0,1.0,1.5,1,17,0.0556,0.0833
3392,emolecules,29,22,7,0.7586,21,8,0.7241,0.9545,29,0,1.0,1.381,10,19,0.3448,0.4762
3393,thiophilic,3,3,0,1.0,3,0,1.0,1.0,3,0,1.0,1.0,3,0,1.0,1.0
3394,auronofin,3,3,0,1.0,3,0,1.0,1.0,3,0,1.0,1.0,3,0,1.0,1.0
3395,georgia,3,3,0,1.0,3,0,1.0,1.0,3,0,1.0,1.0,3,0,1.0,1.0
3396,researchers,13,11,2,0.8462,10,3,0.7692,0.9091,13,0,1.0,1.3,4,9,0.3077,0.4
3397,rheumatoid,3,3,0,1.0,3,0,1.0,1.0,3,0,1.0,1.0,3,0,1.0,1.0
3398,arthritis,3,3,0,1.0,3,0,1.0,1.0,3,0,1.0,1.0,3,0,1.0,1.0
3399,hub,68,6,62,0.0882,6,62,0.0882,1.0,68,0,1.0,11.3333,3,65,0.0441,0.5
3400,april,7,4,3,0.5714,3,4,0.4286,0.75,7,0,1.0,2.3333,3,4,0.4286,1.0
3401,sodium,6,4,2,0.6667,4,2,0.6667,1.0,6,0,1.0,1.5,4,2,0.6667,1.0
3402,aurothiomalate,3,3,0,1.0,3,0,1.0,1.0,3,0,1.0,1.0,3,0,1.0,1.0
3403,hydrate,10,3,7,0.3,3,7,0.3,1.0,10,0,1.0,3.3333,3,7,0.3,1.0
3404,marine,20,2,18,0.1,2,18,0.1,1.0,20,0,1.0,10.0,2,18,0.1,1.0
3405,biodiscovery,20,2,18,0.1,2,18,0.1,1.0,20,0,1.0,10.0,2,18,0.1,1.0
3406,aberdeen,20,2,18,0.1,2,18,0.1,1.0,20,0,1.0,10.0,2,18,0.1,1.0
3407,sponges,20,2,18,0.1,2,18,0.1,1.0,20,0,1.0,10.0,2,18,0.1,1.0
3408,milne,20,2,18,0.1,2,18,0.1,1.0,20,0,1.0,10.0,2,18,0.1,1.0
3409,coimbra,20,2,18,0.1,2,18,0.1,1.0,20,0,1.0,10.0,2,18,0.1,1.0
3410,portugal,20,2,18,0.1,2,18,0.1,1.0,20,0,1.0,10.0,2,18,0.1,1.0
3411,bfmilne,20,2,18,0.1,2,18,0.1,1.0,20,0,1.0,10.0,2,18,0.1,1.0
3412,gmail,20,2,18,0.1,2,18,0.1,1.0,20,0,1.0,10.0,2,18,0.1,1.0
3413,eleven,87,2,85,0.023,2,85,0.023,1.0,87,0,1.0,43.5,2,85,0.023,1.0
3414,largest,87,2,85,0.023,2,85,0.023,1.0,87,0,1.0,43.5,2,85,0.023,1.0
3415,disorder,94,2,92,0.0213,2,92,0.0213,1.0,94,0,1.0,47.0,2,92,0.0213,1.0
3416,mbc,87,2,85,0.023,2,85,0.023,1.0,87,0,1.0,43.5,2,85,0.023,1.0
3417,mgltools,87,2,85,0.023,2,85,0.023,1.0,87,0,1.0,43.5,2,85,0.023,1.0
3418,openbabel,87,2,85,0.023,2,85,0.023,1.0,87,0,1.0,43.5,2,85,0.023,1.0
3419,gastrointestinally,20,2,18,0.1,2,18,0.1,1.0,20,0,1.0,10.0,2,18,0.1,1.0
3420,blood-brain,88,2,86,0.0227,2,86,0.0227,1.0,88,0,1.0,44.0,2,86,0.0227,1.0
3421,barrier,88,2,86,0.0227,2,86,0.0227,1.0,88,0,1.0,44.0,2,86,0.0227,1.0
3422,difficulties,20,2,18,0.1,2,18,0.1,1.0,20,0,1.0,10.0,2,18,0.1,1.0
3423,weigh,134,10,124,0.0746,8,126,0.0597,0.8,134,0,1.0,16.75,3,131,0.0224,0.375
3424,vials,20,2,18,0.1,2,18,0.1,1.0,20,0,1.0,10.0,2,18,0.1,1.0
3425,5r7z,96,11,85,0.1146,2,94,0.0208,0.1818,96,0,1.0,48.0,2,94,0.0208,1.0
3426,5r80,87,2,85,0.023,2,85,0.023,1.0,87,0,1.0,43.5,2,85,0.023,1.0
3427,5r81,87,2,85,0.023,2,85,0.023,1.0,87,0,1.0,43.5,2,85,0.023,1.0
3428,5r82,90,2,88,0.0222,2,88,0.0222,1.0,90,0,1.0,45.0,2,88,0.0222,1.0
3429,5r84,87,2,85,0.023,2,85,0.023,1.0,87,0,1.0,43.5,2,85,0.023,1.0
3430,6y84,106,14,92,0.1321,14,92,0.1321,1.0,106,0,1.0,7.5714,6,100,0.0566,0.4286
3431,6m03,87,2,85,0.023,2,85,0.023,1.0,87,0,1.0,43.5,2,85,0.023,1.0
3432,trott,87,2,85,0.023,2,85,0.023,1.0,87,0,1.0,43.5,2,85,0.023,1.0
3433,olson,87,2,85,0.023,2,85,0.023,1.0,87,0,1.0,43.5,2,85,0.023,1.0
3434,comput,559,51,508,0.0912,40,519,0.0716,0.7843,559,0,1.0,13.975,27,532,0.0483,0.675
3435,morris,108,23,85,0.213,15,93,0.1389,0.6522,108,0,1.0,7.2,8,100,0.0741,0.5333
3436,boyle,87,2,85,0.023,2,85,0.023,1.0,87,0,1.0,43.5,2,85,0.023,1.0
3437,cheminf,214,11,203,0.0514,7,207,0.0327,0.6364,214,0,1.0,30.5714,7,207,0.0327,1.0
3438,daina,87,2,85,0.023,2,85,0.023,1.0,87,0,1.0,43.5,2,85,0.023,1.0
3439,zoete,87,2,85,0.023,2,85,0.023,1.0,87,0,1.0,43.5,2,85,0.023,1.0
3440,chemmedchem,87,2,85,0.023,2,85,0.023,1.0,87,0,1.0,43.5,2,85,0.023,1.0
3441,chlorine,50,6,44,0.12,2,48,0.04,0.3333,50,0,1.0,25.0,2,48,0.04,1.0
3442,essential,363,1,362,0.0028,1,362,0.0028,1.0,363,0,1.0,363.0,1,362,0.0028,1.0
3443,metabolization,1,0,1,0.0,0,1,0.0,0.0,1,0,1.0,0.0,0,1,0.0,0.0
3444,oxyanion,12,0,12,0.0,0,12,0.0,0.0,12,0,1.0,0.0,0,12,0.0,0.0
3445,orbital,1,0,1,0.0,0,1,0.0,0.0,1,0,1.0,0.0,0,1,0.0,0.0
3446,stack,22,1,21,0.0455,1,21,0.0455,1.0,22,0,1.0,22.0,1,21,0.0455,1.0
3447,perperazine,1,0,1,0.0,0,1,0.0,0.0,1,0,1.0,0.0,0,1,0.0,0.0
3448,entirety,1,0,1,0.0,0,1,0.0,0.0,1,0,1.0,0.0,0,1,0.0,0.0
3449,threw,1,0,1,0.0,0,1,0.0,0.0,1,0,1.0,0.0,0,1,0.0,0.0
3450,bends,1,0,1,0.0,0,1,0.0,0.0,1,0,1.0,0.0,0,1,0.0,0.0
3451,electronegative,1,0,1,0.0,0,1,0.0,0.0,1,0,1.0,0.0,0,1,0.0,0.0
3452,lecture,1,0,1,0.0,0,1,0.0,0.0,1,0,1.0,0.0,0,1,0.0,0.0
3453,hydroxy,116,3,113,0.0259,0,116,0.0,0.0,116,0,1.0,0.0,0,116,0.0,0.0
3454,phs,38,0,38,0.0,0,38,0.0,0.0,38,0,1.0,0.0,0,38,0.0,0.0
3455,asparagine,7,0,7,0.0,0,7,0.0,0.0,7,0,1.0,0.0,0,7,0.0,0.0
3456,suggestion,108,26,82,0.2407,18,90,0.1667,0.6923,108,0,1.0,6.0,16,92,0.1481,0.8889
3457,metabolically-unmasked,4,2,2,0.5,2,2,0.5,1.0,4,0,1.0,2.0,0,4,0.0,0.0
3458,colleague,5,2,3,0.4,2,3,0.4,1.0,5,0,1.0,2.5,0,5,0.0,0.0
3459,tim,1697,110,1587,0.0648,100,1597,0.0589,0.9091,1697,0,1.0,16.97,64,1633,0.0377,0.64
3460,chevassut,4,2,2,0.5,2,2,0.5,1.0,4,0,1.0,2.0,0,4,0.0,0.0
3461,sussex,9,7,2,0.7778,7,2,0.7778,1.0,9,0,1.0,1.2857,5,4,0.5556,0.7143
3462,cardiovascular,4,2,2,0.5,2,2,0.5,1.0,4,0,1.0,2.0,0,4,0.0,0.0
3463,embolisms,4,2,2,0.5,2,2,0.5,1.0,4,0,1.0,2.0,0,4,0.0,0.0
3464,rife,4,2,2,0.5,2,2,0.5,1.0,4,0,1.0,2.0,0,4,0.0,0.0
3465,aspirin,4,2,2,0.5,2,2,0.5,1.0,4,0,1.0,2.0,0,4,0.0,0.0
3466,warfarin,4,2,2,0.5,2,2,0.5,1.0,4,0,1.0,2.0,0,4,0.0,0.0
3467,plavix,7,2,5,0.2857,2,5,0.2857,1.0,7,0,1.0,3.5,0,7,0.0,0.0
3468,vivo,10,2,8,0.2,2,8,0.2,1.0,10,0,1.0,5.0,0,10,0.0,0.0
3469,platelet,4,2,2,0.5,2,2,0.5,1.0,4,0,1.0,2.0,0,4,0.0,0.0
3470,agregation,4,2,2,0.5,2,2,0.5,1.0,4,0,1.0,2.0,0,4,0.0,0.0
3471,round-2-is-finished-now-a-call-for-help,4,2,2,0.5,2,2,0.5,1.0,4,0,1.0,2.0,0,4,0.0,0.0
3472,cvd-0001891,18,0,18,0.0,0,18,0.0,0.0,18,0,1.0,0.0,0,18,0.0,0.0
3473,participate,18,0,18,0.0,0,18,0.0,0.0,18,0,1.0,0.0,0,18,0.0,0.0
3474,matt,427,236,191,0.5527,203,224,0.4754,0.8602,427,0,1.0,2.1034,64,363,0.1499,0.3153
3475,a-brief-exploration-of-past-sars-small-molecule-inhibitors,11,11,0,1.0,8,3,0.7273,0.7273,11,0,1.0,1.375,1,10,0.0909,0.125
3476,aaron,21,21,0,1.0,13,8,0.619,0.619,21,0,1.0,1.6154,6,15,0.2857,0.4615
3477,m_275592____14114838____15844248____13186276,11,11,0,1.0,8,3,0.7273,0.7273,11,0,1.0,1.375,1,10,0.0909,0.125
3478,m_275592____14114668____15844248____15856954,11,11,0,1.0,8,3,0.7273,0.7273,11,0,1.0,1.375,1,10,0.0909,0.125
3479,z2517205702,9,0,9,0.0,0,9,0.0,0.0,9,0,1.0,0.0,0,9,0.0,0.0
3480,z442185328,9,0,9,0.0,0,9,0.0,0.0,9,0,1.0,0.0,0,9,0.0,0.0
3481,z1181613711,9,0,9,0.0,0,9,0.0,0.0,9,0,1.0,0.0,0,9,0.0,0.0
3482,z441221652,9,0,9,0.0,0,9,0.0,0.0,9,0,1.0,0.0,0,9,0.0,0.0
3483,z2806541131,9,0,9,0.0,0,9,0.0,0.0,9,0,1.0,0.0,0,9,0.0,0.0
3484,z2769975095,9,0,9,0.0,0,9,0.0,0.0,9,0,1.0,0.0,0,9,0.0,0.0
3485,z1607440029,9,0,9,0.0,0,9,0.0,0.0,9,0,1.0,0.0,0,9,0.0,0.0
3486,z2599432013,9,0,9,0.0,0,9,0.0,0.0,9,0,1.0,0.0,0,9,0.0,0.0
3487,z3292352914,9,0,9,0.0,0,9,0.0,0.0,9,0,1.0,0.0,0,9,0.0,0.0
3488,kenny,79,11,68,0.1392,1,78,0.0127,0.0909,79,0,1.0,79.0,1,78,0.0127,1.0
3489,maleimide,3,0,3,0.0,0,3,0.0,0.0,3,0,1.0,0.0,0,3,0.0,0.0
3490,keto,73,13,60,0.1781,4,69,0.0548,0.3077,73,0,1.0,18.25,1,72,0.0137,0.25
3491,lon-wei-b8d-27,3,0,3,0.0,0,3,0.0,0.0,3,0,1.0,0.0,0,3,0.0,0.0
3492,2-pyridyl,2,0,2,0.0,0,2,0.0,0.0,2,0,1.0,0.0,0,2,0.0,0.0
3493,logd,23,17,6,0.7391,6,17,0.2609,0.3529,23,0,1.0,3.8333,6,17,0.2609,1.0
3494,ugly,7,0,7,0.0,0,7,0.0,0.0,7,0,1.0,0.0,0,7,0.0,0.0
3495,comparator,1,0,1,0.0,0,1,0.0,0.0,1,0,1.0,0.0,0,1,0.0,0.0
3496,p-nme2,1,0,1,0.0,0,1,0.0,0.0,1,0,1.0,0.0,0,1,0.0,0.0
3497,vitas,23,2,21,0.087,2,21,0.087,1.0,23,0,1.0,11.5,0,23,0.0,0.0
3498,2011akaji,19,0,19,0.0,0,19,0.0,0.0,19,0,1.0,0.0,0,19,0.0,0.0
3499,tetrapeptide,19,0,19,0.0,0,19,0.0,0.0,19,0,1.0,0.0,0,19,0.0,0.0
3500,intent,143,3,140,0.021,0,143,0.0,0.0,143,0,1.0,0.0,0,143,0.0,0.0
3501,work-package,19,0,19,0.0,0,19,0.0,0.0,19,0,1.0,0.0,0,19,0.0,0.0
3502,non-peptide,19,0,19,0.0,0,19,0.0,0.0,19,0,1.0,0.0,0,19,0.0,0.0
3503,jensengroup,28,0,28,0.0,0,28,0.0,0.0,28,0,1.0,0.0,0,28,0.0,0.0
3504,custom,101,17,84,0.1683,16,85,0.1584,0.9412,101,0,1.0,6.3125,2,99,0.0198,0.125
3505,smooth,28,0,28,0.0,0,28,0.0,0.0,28,0,1.0,0.0,0,28,0.0,0.0
3506,continuous,28,0,28,0.0,0,28,0.0,0.0,28,0,1.0,0.0,0,28,0.0,0.0
3507,open-babel,19,0,19,0.0,0,19,0.0,0.0,19,0,1.0,0.0,0,19,0.0,0.0
3508,cpu,19,0,19,0.0,0,19,0.0,0.0,19,0,1.0,0.0,0,19,0.0,0.0
3509,linear,19,0,19,0.0,0,19,0.0,0.0,19,0,1.0,0.0,0,19,0.0,0.0
3510,mpro-xchem,19,0,19,0.0,0,19,0.0,0.0,19,0,1.0,0.0,0,19,0.0,0.0
3511,electrostatic,45,4,41,0.0889,4,41,0.0889,1.0,45,0,1.0,11.25,2,43,0.0444,0.5
3512,elite,31,0,31,0.0,0,31,0.0,0.0,31,0,1.0,0.0,0,31,0.0,0.0
3513,vdw,28,0,28,0.0,0,28,0.0,0.0,28,0,1.0,0.0,0,28,0.0,0.0
3514,dispersion,28,0,28,0.0,0,28,0.0,0.0,28,0,1.0,0.0,0,28,0.0,0.0
3515,scalarised,28,0,28,0.0,0,28,0.0,0.0,28,0,1.0,0.0,0,28,0.0,0.0
3516,approx,307,17,290,0.0554,17,290,0.0554,1.0,307,0,1.0,18.0588,12,295,0.0391,0.7059
3517,post-processed,19,0,19,0.0,0,19,0.0,0.0,19,0,1.0,0.0,0,19,0.0,0.0
3518,fix,448,20,428,0.0446,16,432,0.0357,0.8,448,0,1.0,28.0,10,438,0.0223,0.625
3519,hetero,1076,49,1027,0.0455,42,1034,0.039,0.8571,1076,0,1.0,25.619,38,1038,0.0353,0.9048
3520,appreciated,19,0,19,0.0,0,19,0.0,0.0,19,0,1.0,0.0,0,19,0.0,0.0
3521,re-scored,19,0,19,0.0,0,19,0.0,0.0,19,0,1.0,0.0,0,19,0.0,0.0
3522,collaboration,286,0,286,0.0,0,286,0.0,0.0,286,0,1.0,0.0,0,286,0.0,0.0
3523,kuano,50,19,31,0.38,19,31,0.38,1.0,50,0,1.0,2.6316,18,32,0.36,0.9474
3524,ltd,31,0,31,0.0,0,31,0.0,0.0,31,0,1.0,0.0,0,31,0.0,0.0
3525,hpc,50,1,49,0.02,1,49,0.02,1.0,50,0,1.0,50.0,0,50,0.0,0.0
3526,characterise,19,0,19,0.0,0,19,0.0,0.0,19,0,1.0,0.0,0,19,0.0,0.0
3527,suitably,19,0,19,0.0,0,19,0.0,0.0,19,0,1.0,0.0,0,19,0.0,0.0
3528,robust,19,0,19,0.0,0,19,0.0,0.0,19,0,1.0,0.0,0,19,0.0,0.0
3529,sophisticated,19,0,19,0.0,0,19,0.0,0.0,19,0,1.0,0.0,0,19,0.0,0.0
3530,likelihood,19,0,19,0.0,0,19,0.0,0.0,19,0,1.0,0.0,0,19,0.0,0.0
3531,akaji,19,0,19,0.0,0,19,0.0,0.0,19,0,1.0,0.0,0,19,0.0,0.0
3532,konno,19,0,19,0.0,0,19,0.0,0.0,19,0,1.0,0.0,0,19,0.0,0.0
3533,mitsui,19,0,19,0.0,0,19,0.0,0.0,19,0,1.0,0.0,0,19,0.0,0.0
3534,teruya,19,0,19,0.0,0,19,0.0,0.0,19,0,1.0,0.0,0,19,0.0,0.0
3535,shimamoto,19,0,19,0.0,0,19,0.0,0.0,19,0,1.0,0.0,0,19,0.0,0.0
3536,hattori,19,0,19,0.0,0,19,0.0,0.0,19,0,1.0,0.0,0,19,0.0,0.0
3537,sanjoh,19,0,19,0.0,0,19,0.0,0.0,19,0,1.0,0.0,0,19,0.0,0.0
3538,peptide-mimetic,19,0,19,0.0,0,19,0.0,0.0,19,0,1.0,0.0,0,19,0.0,0.0
3539,__journal,19,0,19,0.0,0,19,0.0,0.0,19,0,1.0,0.0,0,19,0.0,0.0
3540,chemistry__,19,0,19,0.0,0,19,0.0,0.0,19,0,1.0,0.0,0,19,0.0,0.0
3541,jm200870n,19,0,19,0.0,0,19,0.0,0.0,19,0,1.0,0.0,0,19,0.0,0.0
3542,cid,730,206,524,0.2822,188,542,0.2575,0.9126,730,0,1.0,3.883,107,623,0.1466,0.5691
3543,piperidine-amide,54,23,31,0.4259,23,31,0.4259,1.0,54,0,1.0,2.3478,0,54,0.0,0.0
3544,info,674,57,617,0.0846,50,624,0.0742,0.8772,674,0,1.0,13.48,14,660,0.0208,0.28
3545,lon-wei-b8d98729,9,1,8,0.1111,1,8,0.1111,1.0,9,0,1.0,9.0,0,9,0.0,0.0
3546,try-uni-714a760b,175,65,110,0.3714,58,117,0.3314,0.8923,175,0,1.0,3.0172,23,152,0.1314,0.3966
3547,try-uni-714a760b-6,153,59,94,0.3856,53,100,0.3464,0.8983,153,0,1.0,2.8868,19,134,0.1242,0.3585
3548,drug-hunter,25,25,0,1.0,23,2,0.92,0.92,25,0,1.0,1.087,6,19,0.24,0.2609
3549,topliss,25,25,0,1.0,23,2,0.92,0.92,25,0,1.0,1.087,6,19,0.24,0.2609
3550,frament,1,1,0,1.0,1,0,1.0,1.0,1,0,1.0,1.0,0,1,0.0,0.0
3551,watermap-of-try-uni-714-6,15,0,15,0.0,0,15,0.0,0.0,15,0,1.0,0.0,0,15,0.0,0.0
3552,1oou5ae2noqargzdefzwg5sa01cgj1zi-,15,0,15,0.0,0,15,0.0,0.0,15,0,1.0,0.0,0,15,0.0,0.0
3553,follow_up_3_poses,15,0,15,0.0,0,15,0.0,0.0,15,0,1.0,0.0,0,15,0.0,0.0
3554,3-aminopyridine,142,14,128,0.0986,14,128,0.0986,1.0,142,0,1.0,10.1429,7,135,0.0493,0.5
3555,mak-unk-6435e6c2-3,35,1,34,0.0286,1,34,0.0286,1.0,35,0,1.0,35.0,1,34,0.0286,1.0
3556,frangments,21,5,16,0.2381,5,16,0.2381,1.0,21,0,1.0,4.2,2,19,0.0952,0.4
3557,catalysed,17,0,17,0.0,0,17,0.0,0.0,17,0,1.0,0.0,0,17,0.0,0.0
3558,bromothiophene,17,0,17,0.0,0,17,0.0,0.0,17,0,1.0,0.0,0,17,0.0,0.0
3559,mak-unk-6435e6c2-4,67,1,66,0.0149,1,66,0.0149,1.0,67,0,1.0,67.0,1,66,0.0149,1.0
3560,bromines,71,0,71,0.0,0,71,0.0,0.0,71,0,1.0,0.0,0,71,0.0,0.0
3561,llama,71,0,71,0.0,0,71,0.0,0.0,71,0,1.0,0.0,0,71,0.0,0.0
3562,submission-jar-imp-b007c7c2,3,0,3,0.0,0,3,0.0,0.0,3,0,1.0,0.0,0,3,0.0,0.0
3563,boceprevir,21,0,21,0.0,0,21,0.0,0.0,21,0,1.0,0.0,0,21,0.0,0.0
3564,overnight,3,0,3,0.0,0,3,0.0,0.0,3,0,1.0,0.0,0,3,0.0,0.0
3565,initialised,3,0,3,0.0,0,3,0.0,0.0,3,0,1.0,0.0,0,3,0.0,0.0
3566,tweak,7,0,7,0.0,0,7,0.0,0.0,7,0,1.0,0.0,0,7,0.0,0.0
3567,tournament,3,0,3,0.0,0,3,0.0,0.0,3,0,1.0,0.0,0,3,0.0,0.0
3568,hand-picked,3,0,3,0.0,0,3,0.0,0.0,3,0,1.0,0.0,0,3,0.0,0.0
3569,unusual,4,0,4,0.0,0,4,0.0,0.0,4,0,1.0,0.0,0,4,0.0,0.0
3570,oligomers,3,0,3,0.0,0,3,0.0,0.0,3,0,1.0,0.0,0,3,0.0,0.0
3571,try-uni-714-6,116,61,55,0.5259,53,63,0.4569,0.8689,116,0,1.0,2.1887,17,99,0.1466,0.3208
3572,gem,75,22,53,0.2933,18,57,0.24,0.8182,75,0,1.0,4.1667,11,64,0.1467,0.6111
3573,mat-pos-916a2c5a-1,38,1,37,0.0263,1,37,0.0263,1.0,38,0,1.0,38.0,0,38,0.0,0.0
3574,navigator,12,1,11,0.0833,1,11,0.0833,1.0,12,0,1.0,12.0,0,12,0.0,0.0
3575,alphachloropyrazines,12,1,11,0.0833,1,11,0.0833,1.0,12,0,1.0,12.0,0,12,0.0,0.0
3576,someone,3,3,0,1.0,3,0,1.0,1.0,3,0,1.0,1.0,2,1,0.6667,0.6667
3577,assign,40,4,36,0.1,4,36,0.1,1.0,40,0,1.0,10.0,1,39,0.025,0.25
3578,credit,2,2,0,1.0,2,0,1.0,1.0,2,0,1.0,1.0,1,1,0.5,0.5
3579,exchange,30,4,26,0.1333,3,27,0.1,0.75,30,0,1.0,10.0,2,28,0.0667,0.6667
3580,pain,30,2,28,0.0667,2,28,0.0667,1.0,30,0,1.0,15.0,1,29,0.0333,0.5
3581,cvd-0003631,1,1,0,1.0,1,0,1.0,1.0,1,0,1.0,1.0,0,1,0.0,0.0
3582,bar-com-4e090d3a-39,28,1,27,0.0357,1,27,0.0357,1.0,28,0,1.0,28.0,0,28,0.0,0.0
3583,cvd-0000260,1,1,0,1.0,1,0,1.0,1.0,1,0,1.0,1.0,0,1,0.0,0.0
3584,80k,67,0,67,0.0,0,67,0.0,0.0,67,0,1.0,0.0,0,67,0.0,0.0
3585,tract,680,15,665,0.0221,15,665,0.0221,1.0,680,0,1.0,45.3333,6,674,0.0088,0.4
3586,loxistatin,2,2,0,1.0,1,1,0.5,0.5,2,0,1.0,2.0,0,2,0.0,0.0
3587,054387v1,1,1,0,1.0,0,1,0.0,0.0,1,0,1.0,0.0,0,1,0.0,0.0
3588,behalf,229,158,71,0.69,133,96,0.5808,0.8418,229,0,1.0,1.7218,42,187,0.1834,0.3158
3589,recursion,2,2,0,1.0,1,1,0.5,0.5,2,0,1.0,2.0,0,2,0.0,0.0
3590,pharma,3440,117,3323,0.034,71,3369,0.0206,0.6068,3440,0,1.0,48.4507,34,3406,0.0099,0.4789
3591,privileged,204,0,204,0.0,0,204,0.0,0.0,204,0,1.0,0.0,0,204,0.0,0.0
3592,para,587,90,497,0.1533,81,506,0.138,0.9,587,0,1.0,7.2469,72,515,0.1227,0.8889
3593,antiplasmodial,46,0,46,0.0,0,46,0.0,0.0,46,0,1.0,0.0,0,46,0.0,0.0
3594,hiv-2,46,0,46,0.0,0,46,0.0,0.0,46,0,1.0,0.0,0,46,0.0,0.0
3595,occurring,53,0,53,0.0,0,53,0.0,0.0,53,0,1.0,0.0,0,53,0.0,0.0
3596,keri,54,0,54,0.0,0,54,0.0,0.0,54,0,1.0,0.0,0,54,0.0,0.0
3597,budagumpi,46,0,46,0.0,0,46,0.0,0.0,46,0,1.0,0.0,0,46,0.0,0.0
3598,pai,354,42,312,0.1186,37,317,0.1045,0.881,354,0,1.0,9.5676,20,334,0.0565,0.5405
3599,balakrishna,46,0,46,0.0,0,46,0.0,0.0,46,0,1.0,0.0,0,46,0.0,0.0
3600,european,46,0,46,0.0,0,46,0.0,0.0,46,0,1.0,0.0,0,46,0.0,0.0
3601,casano,46,0,46,0.0,0,46,0.0,0.0,46,0,1.0,0.0,0,46,0.0,0.0
3602,dumètre,46,0,46,0.0,0,46,0.0,0.0,46,0,1.0,0.0,0,46,0.0,0.0
3603,pannecouque,46,0,46,0.0,0,46,0.0,0.0,46,0,1.0,0.0,0,46,0.0,0.0
3604,hutter,46,0,46,0.0,0,46,0.0,0.0,46,0,1.0,0.0,0,46,0.0,0.0
3605,robin,320,122,198,0.3812,84,236,0.2625,0.6885,320,0,1.0,3.8095,58,262,0.1812,0.6905
3606,anti-hiv,50,0,50,0.0,0,50,0.0,0.0,50,0,1.0,0.0,0,50,0.0,0.0
3607,flavonoid,48,0,48,0.0,0,48,0.0,0.0,48,0,1.0,0.0,0,48,0.0,0.0
3608,qamar,46,0,46,0.0,0,46,0.0,0.0,46,0,1.0,0.0,0,46,0.0,0.0
3609,alqahtani,46,0,46,0.0,0,46,0.0,0.0,46,0,1.0,0.0,0,46,0.0,0.0
3610,alamri,46,0,46,0.0,0,46,0.0,0.0,46,0,1.0,0.0,0,46,0.0,0.0
3611,chen,46,0,46,0.0,0,46,0.0,0.0,46,0,1.0,0.0,0,46,0.0,0.0
3612,anti-covid-19,46,0,46,0.0,0,46,0.0,0.0,46,0,1.0,0.0,0,46,0.0,0.0
3613,pharmaceutical,210,0,210,0.0,0,210,0.0,0.0,210,0,1.0,0.0,0,210,0.0,0.0
3614,abdel,46,0,46,0.0,0,46,0.0,0.0,46,0,1.0,0.0,0,46,0.0,0.0
3615,ghani,46,0,46,0.0,0,46,0.0,0.0,46,0,1.0,0.0,0,46,0.0,0.0
3616,mugisha,46,0,46,0.0,0,46,0.0,0.0,46,0,1.0,0.0,0,46,0.0,0.0
3617,wilcox,46,0,46,0.0,0,46,0.0,0.0,46,0,1.0,0.0,0,46,0.0,0.0
3618,gado,46,0,46,0.0,0,46,0.0,0.0,46,0,1.0,0.0,0,46,0.0,0.0
3619,medu,46,0,46,0.0,0,46,0.0,0.0,46,0,1.0,0.0,0,46,0.0,0.0
3620,lamb,46,0,46,0.0,0,46,0.0,0.0,46,0,1.0,0.0,0,46,0.0,0.0
3621,convenient,57,2,55,0.0351,0,57,0.0,0.0,57,0,1.0,0.0,0,57,0.0,0.0
3622,one-pot,46,0,46,0.0,0,46,0.0,0.0,46,0,1.0,0.0,0,46,0.0,0.0
3623,chromone,52,0,52,0.0,0,52,0.0,0.0,52,0,1.0,0.0,0,52,0.0,0.0
3624,antifungal,46,0,46,0.0,0,46,0.0,0.0,46,0,1.0,0.0,0,46,0.0,0.0
3625,antibacterial,46,0,46,0.0,0,46,0.0,0.0,46,0,1.0,0.0,0,46,0.0,0.0
3626,weaver,46,0,46,0.0,0,46,0.0,0.0,46,0,1.0,0.0,0,46,0.0,0.0
3627,zidan,46,0,46,0.0,0,46,0.0,0.0,46,0,1.0,0.0,0,46,0.0,0.0
3628,ali,830,73,757,0.088,64,766,0.0771,0.8767,830,0,1.0,12.9688,51,779,0.0614,0.7969
3629,keevil,46,0,46,0.0,0,46,0.0,0.0,46,0,1.0,0.0,0,46,0.0,0.0
3630,microwave-assisted,46,0,46,0.0,0,46,0.0,0.0,46,0,1.0,0.0,0,46,0.0,0.0
3631,antimicrobial,46,0,46,0.0,0,46,0.0,0.0,46,0,1.0,0.0,0,46,0.0,0.0
3632,mak-unk-23561bf6-1,9,1,8,0.1111,1,8,0.1111,1.0,9,0,1.0,9.0,1,8,0.1111,1.0
3633,remade,30,0,30,0.0,0,30,0.0,0.0,30,0,1.0,0.0,0,30,0.0,0.0
3634,mak-unk-af83ef51-22,24,0,24,0.0,0,24,0.0,0.0,24,0,1.0,0.0,0,24,0.0,0.0
3635,structurally-enabled,1,0,1,0.0,0,1,0.0,0.0,1,0,1.0,0.0,0,1,0.0,0.0
3636,tg-0205221,1,0,1,0.0,0,1,0.0,0.0,1,0,1.0,0.0,0,1,0.0,0.0
3637,clpro,62,6,56,0.0968,6,56,0.0968,1.0,62,0,1.0,10.3333,0,62,0.0,0.0
3638,vero-e6,1,0,1,0.0,0,1,0.0,0.0,1,0,1.0,0.0,0,1,0.0,0.0
3639,2gx4,1,0,1,0.0,0,1,0.0,0.0,1,0,1.0,0.0,0,1,0.0,0.0
3640,protomer,1,0,1,0.0,0,1,0.0,0.0,1,0,1.0,0.0,0,1,0.0,0.0
3641,asymmetric,91,0,91,0.0,0,91,0.0,0.0,91,0,1.0,0.0,0,91,0.0,0.0
3642,boost,20,0,20,0.0,0,20,0.0,0.0,20,0,1.0,0.0,0,20,0.0,0.0
3643,piperdine,1,0,1,0.0,0,1,0.0,0.0,1,0,1.0,0.0,0,1,0.0,0.0
3644,snake,1,0,1,0.0,0,1,0.0,0.0,1,0,1.0,0.0,0,1,0.0,0.0
3645,tyr54,1,0,1,0.0,0,1,0.0,0.0,1,0,1.0,0.0,0,1,0.0,0.0
3646,decorations,8,0,8,0.0,0,8,0.0,0.0,8,0,1.0,0.0,0,8,0.0,0.0
3647,no-go,1,0,1,0.0,0,1,0.0,0.0,1,0,1.0,0.0,0,1,0.0,0.0
3648,hitstry-uni-714a760b-6,16,12,4,0.75,11,5,0.6875,0.9167,16,0,1.0,1.4545,4,12,0.25,0.3636
3649,jan-ghe-83b26c96-4,16,12,4,0.75,11,5,0.6875,0.9167,16,0,1.0,1.4545,4,12,0.25,0.3636
3650,componuds,74,47,27,0.6351,46,28,0.6216,0.9787,74,0,1.0,1.6087,34,40,0.4595,0.7391
3651,dndi,65,42,23,0.6462,41,24,0.6308,0.9762,65,0,1.0,1.5854,29,36,0.4462,0.7073
3652,aloxistatin,1,1,0,1.0,1,0,1.0,1.0,1,0,1.0,1.0,0,1,0.0,0.0
3653,scanning,16,13,3,0.8125,13,3,0.8125,1.0,16,0,1.0,1.2308,8,8,0.5,0.6154
3654,4-amidoquinolones,16,13,3,0.8125,13,3,0.8125,1.0,16,0,1.0,1.2308,8,8,0.5,0.6154
3655,mat-pos-916a2c5a-2,110,87,23,0.7909,85,25,0.7727,0.977,110,0,1.0,1.2941,23,87,0.2091,0.2706
3656,mat-pos-916a2c5a-3,86,81,5,0.9419,79,7,0.9186,0.9753,86,0,1.0,1.0886,18,68,0.2093,0.2278
3657,mat-pos-916a2c5a-4,42,21,21,0.5,21,21,0.5,1.0,42,0,1.0,2.0,16,26,0.381,0.7619
3658,aar-pos-d2a4d1df-22,13,6,7,0.4615,6,7,0.4615,1.0,13,0,1.0,2.1667,6,7,0.4615,1.0
3659,bar-com-4e0-39,76,43,33,0.5658,35,41,0.4605,0.814,76,0,1.0,2.1714,5,71,0.0658,0.1429
3660,co-valent,16,16,0,1.0,10,6,0.625,0.625,16,0,1.0,1.6,3,13,0.1875,0.3
3661,classical,14,0,14,0.0,0,14,0.0,0.0,14,0,1.0,0.0,0,14,0.0,0.0
3662,positional,14,0,14,0.0,0,14,0.0,0.0,14,0,1.0,0.0,0,14,0.0,0.0
3663,isomer,97,16,81,0.1649,13,84,0.134,0.8125,97,0,1.0,7.4615,12,85,0.1237,0.9231
3664,paremeter,14,0,14,0.0,0,14,0.0,0.0,14,0,1.0,0.0,0,14,0.0,0.0
3665,viable,20,0,20,0.0,0,20,0.0,0.0,20,0,1.0,0.0,0,20,0.0,0.0
3666,vital,14,0,14,0.0,0,14,0.0,0.0,14,0,1.0,0.0,0,14,0.0,0.0
3667,surechembl,26,19,7,0.7308,13,13,0.5,0.6842,26,0,1.0,2.0,5,21,0.1923,0.3846
3668,mpro-x0755,3,0,3,0.0,0,3,0.0,0.0,3,0,1.0,0.0,0,3,0.0,0.0
3669,amino-pyridine,1270,110,1160,0.0866,99,1171,0.078,0.9,1270,0,1.0,12.8283,20,1250,0.0157,0.202
3670,robinson,80,65,15,0.8125,43,37,0.5375,0.6615,80,0,1.0,1.8605,17,63,0.2125,0.3953
3671,jag,302,137,165,0.4536,103,199,0.3411,0.7518,302,0,1.0,2.932,52,250,0.1722,0.5049
3672,lefker,70,68,2,0.9714,66,4,0.9429,0.9706,70,0,1.0,1.0606,10,60,0.1429,0.1515
3673,throughput,85,78,7,0.9176,76,9,0.8941,0.9744,85,0,1.0,1.1184,20,65,0.2353,0.2632
3674,eric,253,45,208,0.1779,31,222,0.1225,0.6889,253,0,1.0,8.1613,13,240,0.0514,0.4194
3675,cmps,60,27,33,0.45,25,35,0.4167,0.9259,60,0,1.0,2.4,2,58,0.0333,0.08
3676,1fzcpydohtmlqkxfpjqip0tizxevhhd4l,60,27,33,0.45,25,35,0.4167,0.9259,60,0,1.0,2.4,2,58,0.0333,0.08
3677,query,66,27,39,0.4091,25,41,0.3788,0.9259,66,0,1.0,2.64,2,64,0.0303,0.08
3678,query2,60,27,33,0.45,25,35,0.4167,0.9259,60,0,1.0,2.4,2,58,0.0333,0.08
3679,fusedmodel_nolig,60,27,33,0.45,25,35,0.4167,0.9259,60,0,1.0,2.4,2,58,0.0333,0.08
3680,flipping,64,30,34,0.4688,28,36,0.4375,0.9333,64,0,1.0,2.2857,5,59,0.0781,0.1786
3681,splif,60,27,33,0.45,25,35,0.4167,0.9259,60,0,1.0,2.4,2,58,0.0333,0.08
3682,_score,181,30,151,0.1657,25,156,0.1381,0.8333,181,0,1.0,7.24,2,179,0.011,0.08
3683,dise,153,30,123,0.1961,28,125,0.183,0.9333,153,0,1.0,5.4643,3,150,0.0196,0.1071
3684,selected2,60,27,33,0.45,25,35,0.4167,0.9259,60,0,1.0,2.4,2,58,0.0333,0.08
3685,selected1,60,27,33,0.45,25,35,0.4167,0.9259,60,0,1.0,2.4,2,58,0.0333,0.08
3686,aware,60,27,33,0.45,25,35,0.4167,0.9259,60,0,1.0,2.4,2,58,0.0333,0.08
3687,n-n,85,30,55,0.3529,26,59,0.3059,0.8667,85,0,1.0,3.2692,3,82,0.0353,0.1154
3688,pv-002277046329,60,27,33,0.45,25,35,0.4167,0.9259,60,0,1.0,2.4,2,58,0.0333,0.08
3689,z2928955304,60,27,33,0.45,25,35,0.4167,0.9259,60,0,1.0,2.4,2,58,0.0333,0.08
3690,pv-001867141757,60,27,33,0.45,25,35,0.4167,0.9259,60,0,1.0,2.4,2,58,0.0333,0.08
3691,z1892495767,60,27,33,0.45,25,35,0.4167,0.9259,60,0,1.0,2.4,2,58,0.0333,0.08
3692,pv-001748215410,60,27,33,0.45,25,35,0.4167,0.9259,60,0,1.0,2.4,2,58,0.0333,0.08
3693,pv-000583972887,60,27,33,0.45,25,35,0.4167,0.9259,60,0,1.0,2.4,2,58,0.0333,0.08
3694,pv-001480893198,60,27,33,0.45,25,35,0.4167,0.9259,60,0,1.0,2.4,2,58,0.0333,0.08
3695,z1168488213,60,27,33,0.45,25,35,0.4167,0.9259,60,0,1.0,2.4,2,58,0.0333,0.08
3696,z2844889489,60,27,33,0.45,25,35,0.4167,0.9259,60,0,1.0,2.4,2,58,0.0333,0.08
3697,z753334946,60,27,33,0.45,25,35,0.4167,0.9259,60,0,1.0,2.4,2,58,0.0333,0.08
3698,pv-001763113110,60,27,33,0.45,25,35,0.4167,0.9259,60,0,1.0,2.4,2,58,0.0333,0.08
3699,z253767654,60,27,33,0.45,25,35,0.4167,0.9259,60,0,1.0,2.4,2,58,0.0333,0.08
3700,pv-001822841664,60,27,33,0.45,25,35,0.4167,0.9259,60,0,1.0,2.4,2,58,0.0333,0.08
3701,pv-001866074687,60,27,33,0.45,25,35,0.4167,0.9259,60,0,1.0,2.4,2,58,0.0333,0.08
3702,z1615460427,60,27,33,0.45,25,35,0.4167,0.9259,60,0,1.0,2.4,2,58,0.0333,0.08
3703,pv-001802409851,60,27,33,0.45,25,35,0.4167,0.9259,60,0,1.0,2.4,2,58,0.0333,0.08
3704,pv-002420113987,60,27,33,0.45,25,35,0.4167,0.9259,60,0,1.0,2.4,2,58,0.0333,0.08
3705,z2872037056,60,27,33,0.45,25,35,0.4167,0.9259,60,0,1.0,2.4,2,58,0.0333,0.08
3706,pv-001831078512,60,27,33,0.45,25,35,0.4167,0.9259,60,0,1.0,2.4,2,58,0.0333,0.08
3707,z1549741431,60,27,33,0.45,25,35,0.4167,0.9259,60,0,1.0,2.4,2,58,0.0333,0.08
3708,z1500834591,60,27,33,0.45,25,35,0.4167,0.9259,60,0,1.0,2.4,2,58,0.0333,0.08
3709,pv-000961429563,60,27,33,0.45,25,35,0.4167,0.9259,60,0,1.0,2.4,2,58,0.0333,0.08
3710,pv-002220200962,60,27,33,0.45,25,35,0.4167,0.9259,60,0,1.0,2.4,2,58,0.0333,0.08
3711,pv-001827965241,60,27,33,0.45,25,35,0.4167,0.9259,60,0,1.0,2.4,2,58,0.0333,0.08
3712,z872397000,60,27,33,0.45,25,35,0.4167,0.9259,60,0,1.0,2.4,2,58,0.0333,0.08
3713,z2196194184,60,27,33,0.45,25,35,0.4167,0.9259,60,0,1.0,2.4,2,58,0.0333,0.08
3714,pv-001833846204,60,27,33,0.45,25,35,0.4167,0.9259,60,0,1.0,2.4,2,58,0.0333,0.08
3715,z2844902552,60,27,33,0.45,25,35,0.4167,0.9259,60,0,1.0,2.4,2,58,0.0333,0.08
3716,pv-002575024050,60,27,33,0.45,25,35,0.4167,0.9259,60,0,1.0,2.4,2,58,0.0333,0.08
3717,z1129286048,60,27,33,0.45,25,35,0.4167,0.9259,60,0,1.0,2.4,2,58,0.0333,0.08
3718,z807911692,60,27,33,0.45,25,35,0.4167,0.9259,60,0,1.0,2.4,2,58,0.0333,0.08
3719,pv-000583972893,60,27,33,0.45,25,35,0.4167,0.9259,60,0,1.0,2.4,2,58,0.0333,0.08
3720,z2454425334,60,27,33,0.45,25,35,0.4167,0.9259,60,0,1.0,2.4,2,58,0.0333,0.08
3721,z1168475133,60,27,33,0.45,25,35,0.4167,0.9259,60,0,1.0,2.4,2,58,0.0333,0.08
3722,z1533000368,60,27,33,0.45,25,35,0.4167,0.9259,60,0,1.0,2.4,2,58,0.0333,0.08
3723,z2294336937,60,27,33,0.45,25,35,0.4167,0.9259,60,0,1.0,2.4,2,58,0.0333,0.08
3724,z1450263658,60,27,33,0.45,25,35,0.4167,0.9259,60,0,1.0,2.4,2,58,0.0333,0.08
3725,z3089567705,60,27,33,0.45,25,35,0.4167,0.9259,60,0,1.0,2.4,2,58,0.0333,0.08
3726,z2774676815,60,27,33,0.45,25,35,0.4167,0.9259,60,0,1.0,2.4,2,58,0.0333,0.08
3727,z1890058431,60,27,33,0.45,25,35,0.4167,0.9259,60,0,1.0,2.4,2,58,0.0333,0.08
3728,z2002942936,60,27,33,0.45,25,35,0.4167,0.9259,60,0,1.0,2.4,2,58,0.0333,0.08
3729,z2194312931,60,27,33,0.45,25,35,0.4167,0.9259,60,0,1.0,2.4,2,58,0.0333,0.08
3730,z1864147155,60,27,33,0.45,25,35,0.4167,0.9259,60,0,1.0,2.4,2,58,0.0333,0.08
3731,z1129288567,60,27,33,0.45,25,35,0.4167,0.9259,60,0,1.0,2.4,2,58,0.0333,0.08
3732,pv-001871500448,60,27,33,0.45,25,35,0.4167,0.9259,60,0,1.0,2.4,2,58,0.0333,0.08
3733,z750350474,60,27,33,0.45,25,35,0.4167,0.9259,60,0,1.0,2.4,2,58,0.0333,0.08
3734,z2493443321,60,27,33,0.45,25,35,0.4167,0.9259,60,0,1.0,2.4,2,58,0.0333,0.08
3735,z1498001981,60,27,33,0.45,25,35,0.4167,0.9259,60,0,1.0,2.4,2,58,0.0333,0.08
3736,z2069076058,60,27,33,0.45,25,35,0.4167,0.9259,60,0,1.0,2.4,2,58,0.0333,0.08
3737,z2414553231,60,27,33,0.45,25,35,0.4167,0.9259,60,0,1.0,2.4,2,58,0.0333,0.08
3738,pv-001801302825,60,27,33,0.45,25,35,0.4167,0.9259,60,0,1.0,2.4,2,58,0.0333,0.08
3739,z1129286283,60,27,33,0.45,25,35,0.4167,0.9259,60,0,1.0,2.4,2,58,0.0333,0.08
3740,pv-002400730800,60,27,33,0.45,25,35,0.4167,0.9259,60,0,1.0,2.4,2,58,0.0333,0.08
3741,z1348840233,60,27,33,0.45,25,35,0.4167,0.9259,60,0,1.0,2.4,2,58,0.0333,0.08
3742,z3089566497,60,27,33,0.45,25,35,0.4167,0.9259,60,0,1.0,2.4,2,58,0.0333,0.08
3743,z2414557205,60,27,33,0.45,25,35,0.4167,0.9259,60,0,1.0,2.4,2,58,0.0333,0.08
3744,pv-002108321132,60,27,33,0.45,25,35,0.4167,0.9259,60,0,1.0,2.4,2,58,0.0333,0.08
3745,z2454423193,60,27,33,0.45,25,35,0.4167,0.9259,60,0,1.0,2.4,2,58,0.0333,0.08
3746,z1243866128,60,27,33,0.45,25,35,0.4167,0.9259,60,0,1.0,2.4,2,58,0.0333,0.08
3747,pv-002596497200,60,27,33,0.45,25,35,0.4167,0.9259,60,0,1.0,2.4,2,58,0.0333,0.08
3748,z1870012350,60,27,33,0.45,25,35,0.4167,0.9259,60,0,1.0,2.4,2,58,0.0333,0.08
3749,pv-001962948064,60,27,33,0.45,25,35,0.4167,0.9259,60,0,1.0,2.4,2,58,0.0333,0.08
3750,pv-002580993121,60,27,33,0.45,25,35,0.4167,0.9259,60,0,1.0,2.4,2,58,0.0333,0.08
3751,z3018666658,60,27,33,0.45,25,35,0.4167,0.9259,60,0,1.0,2.4,2,58,0.0333,0.08
3752,z1952750170,60,27,33,0.45,25,35,0.4167,0.9259,60,0,1.0,2.4,2,58,0.0333,0.08
3753,pv-002352797345,60,27,33,0.45,25,35,0.4167,0.9259,60,0,1.0,2.4,2,58,0.0333,0.08
3754,cadd,12,0,12,0.0,0,12,0.0,0.0,12,0,1.0,0.0,0,12,0.0,0.0
3755,ml300,1,0,1,0.0,0,1,0.0,0.0,1,0,1.0,0.0,0,1,0.0,0.0
3756,17a,2,0,2,0.0,0,2,0.0,0.0,2,0,1.0,0.0,0,2,0.0,0.0
3757,h61,6,0,6,0.0,0,6,0.0,0.0,6,0,1.0,0.0,0,6,0.0,0.0
3758,toss,3,0,3,0.0,0,3,0.0,0.0,3,0,1.0,0.0,0,3,0.0,0.0
3759,bitch,3,0,3,0.0,0,3,0.0,0.0,3,0,1.0,0.0,0,3,0.0,0.0
3760,speculative,24,0,24,0.0,0,24,0.0,0.0,24,0,1.0,0.0,0,24,0.0,0.0
3761,double-ring,3,0,3,0.0,0,3,0.0,0.0,3,0,1.0,0.0,0,3,0.0,0.0
3762,treweren,4207,12,4195,0.0029,12,4195,0.0029,1.0,4207,0,1.0,350.5833,7,4200,0.0017,0.5833
3763,5rf3,1914,0,1914,0.0,0,1914,0.0,0.0,1914,0,1.0,0.0,0,1914,0.0,0.0
3764,requiring,2913,0,2913,0.0,0,2913,0.0,0.0,2913,0,1.0,0.0,0,2913,0.0,0.0
3765,none,87,4,83,0.046,2,85,0.023,0.5,87,0,1.0,43.5,2,85,0.023,1.0
3766,extensiveness,1,0,1,0.0,0,1,0.0,0.0,1,0,1.0,0.0,0,1,0.0,0.0
3767,explicit,2916,0,2916,0.0,0,2916,0.0,0.0,2916,0,1.0,0.0,0,2916,0.0,0.0
3768,formoterol,18,0,18,0.0,0,18,0.0,0.0,18,0,1.0,0.0,0,18,0.0,0.0
3769,levalbuterol,18,0,18,0.0,0,18,0.0,0.0,18,0,1.0,0.0,0,18,0.0,0.0
3770,guaifenesin,18,0,18,0.0,0,18,0.0,0.0,18,0,1.0,0.0,0,18,0.0,0.0
3771,diprophylline,18,0,18,0.0,0,18,0.0,0.0,18,0,1.0,0.0,0,18,0.0,0.0
3772,elvitegravir,18,0,18,0.0,0,18,0.0,0.0,18,0,1.0,0.0,0,18,0.0,0.0
3773,loviride,18,0,18,0.0,0,18,0.0,0.0,18,0,1.0,0.0,0,18,0.0,0.0
3774,moroxydine,18,0,18,0.0,0,18,0.0,0.0,18,0,1.0,0.0,0,18,0.0,0.0
3775,oseltamivir,18,0,18,0.0,0,18,0.0,0.0,18,0,1.0,0.0,0,18,0.0,0.0
3776,penciclovir,18,0,18,0.0,0,18,0.0,0.0,18,0,1.0,0.0,0,18,0.0,0.0
3777,peramivir,18,0,18,0.0,0,18,0.0,0.0,18,0,1.0,0.0,0,18,0.0,0.0
3778,podophyllotoxin,18,0,18,0.0,0,18,0.0,0.0,18,0,1.0,0.0,0,18,0.0,0.0
3779,raltegravir,18,0,18,0.0,0,18,0.0,0.0,18,0,1.0,0.0,0,18,0.0,0.0
3780,rilpivirine,18,0,18,0.0,0,18,0.0,0.0,18,0,1.0,0.0,0,18,0.0,0.0
3781,jag-ucb-cedd89ab-8,7,7,0,1.0,6,1,0.8571,0.8571,7,0,1.0,1.1667,0,7,0.0,0.0
3782,ai-based,33,0,33,0.0,0,33,0.0,0.0,33,0,1.0,0.0,0,33,0.0,0.0
3783,reinforcement,211,0,211,0.0,0,211,0.0,0.0,211,0,1.0,0.0,0,211,0.0,0.0
3784,entities,33,0,33,0.0,0,33,0.0,0.0,33,0,1.0,0.0,0,33,0.0,0.0
3785,nces,243,10,233,0.0412,5,238,0.0206,0.5,243,0,1.0,48.6,4,239,0.0165,0.8
3786,artificial,33,0,33,0.0,0,33,0.0,0.0,33,0,1.0,0.0,0,33,0.0,0.0
3787,intelligence,33,0,33,0.0,0,33,0.0,0.0,33,0,1.0,0.0,0,33,0.0,0.0
3788,prioritise,14,0,14,0.0,0,14,0.0,0.0,14,0,1.0,0.0,0,14,0.0,0.0
3789,ml-300,1,0,1,0.0,0,1,0.0,0.0,1,0,1.0,0.0,0,1,0.0,0.0
3790,mak-unk-9159f8ed-7,6,1,5,0.1667,1,5,0.1667,1.0,6,0,1.0,6.0,0,6,0.0,0.0
3791,chembridge,949,0,949,0.0,0,949,0.0,0.0,949,0,1.0,0.0,0,949,0.0,0.0
3792,express,801,0,801,0.0,0,801,0.0,0.0,801,0,1.0,0.0,0,801,0.0,0.0
3793,sample,492,19,473,0.0386,19,473,0.0386,1.0,492,0,1.0,25.8947,12,480,0.0244,0.6316
3794,minimum,349,0,349,0.0,0,349,0.0,0.0,349,0,1.0,0.0,0,349,0.0,0.0
3795,purchase,512,100,412,0.1953,99,413,0.1934,0.99,512,0,1.0,5.1717,1,511,0.002,0.0101
3796,graa-2,1,0,1,0.0,0,1,0.0,0.0,1,0,1.0,0.0,0,1,0.0,0.0
3797,pet-sgc-a8a902d9-1,1,1,0,1.0,1,0,1.0,1.0,1,0,1.0,1.0,1,0,1.0,1.0
3798,hhh,2,0,2,0.0,0,2,0.0,0.0,2,0,1.0,0.0,0,2,0.0,0.0
3799,indicated,83,4,79,0.0482,2,81,0.0241,0.5,83,0,1.0,41.5,1,82,0.012,0.5
3800,demetri,16,3,13,0.1875,1,15,0.0625,0.3333,16,0,1.0,16.0,0,16,0.0,0.0
3801,moustakas,1,1,0,1.0,1,0,1.0,1.0,1,0,1.0,1.0,0,1,0.0,0.0
3802,ome,6117,306,5811,0.05,258,5859,0.0422,0.8431,6117,0,1.0,23.7093,151,5966,0.0247,0.5853
3803,distal,1,1,0,1.0,1,0,1.0,1.0,1,0,1.0,1.0,1,0,1.0,1.0
3804,homopiperazine,1,1,0,1.0,1,0,1.0,1.0,1,0,1.0,1.0,1,0,1.0,1.0
3805,docking-based,11,8,3,0.7273,7,4,0.6364,0.875,11,0,1.0,1.5714,1,10,0.0909,0.1429
3806,graa-1,3,0,3,0.0,0,3,0.0,0.0,3,0,1.0,0.0,0,3,0.0,0.0
3807,discovered,1,0,1,0.0,0,1,0.0,0.0,1,0,1.0,0.0,0,1,0.0,0.0
3808,dopamine,6,4,2,0.6667,0,6,0.0,0.0,6,0,1.0,0.0,0,6,0.0,0.0
3809,accident,1,0,1,0.0,0,1,0.0,0.0,1,0,1.0,0.0,0,1,0.0,0.0
3810,relaxed,1,0,1,0.0,0,1,0.0,0.0,1,0,1.0,0.0,0,1,0.0,0.0
3811,older,699,95,604,0.1359,90,609,0.1288,0.9474,699,0,1.0,7.7667,10,689,0.0143,0.1111
3812,explain,2,0,2,0.0,0,2,0.0,0.0,2,0,1.0,0.0,0,2,0.0,0.0
3813,disproportionately,1,0,1,0.0,0,1,0.0,0.0,1,0,1.0,0.0,0,1,0.0,0.0
3814,severity,1,0,1,0.0,0,1,0.0,0.0,1,0,1.0,0.0,0,1,0.0,0.0
3815,immune,1,0,1,0.0,0,1,0.0,0.0,1,0,1.0,0.0,0,1,0.0,0.0
3816,unsuitable,1,0,1,0.0,0,1,0.0,0.0,1,0,1.0,0.0,0,1,0.0,0.0
3817,ann-uni-26382800-5,4,4,0,1.0,4,0,1.0,1.0,4,0,1.0,1.0,2,2,0.5,0.5
3818,ocf3,4,4,0,1.0,4,0,1.0,1.0,4,0,1.0,1.0,2,2,0.5,0.5
3819,entire,39,12,27,0.3077,12,27,0.3077,1.0,39,0,1.0,3.25,4,35,0.1026,0.3333
3820,drugscorex,19,12,7,0.6316,12,7,0.6316,1.0,19,0,1.0,1.5833,4,15,0.2105,0.3333
3821,hf-3c,19,12,7,0.6316,12,7,0.6316,1.0,19,0,1.0,1.5833,4,15,0.2105,0.3333
3822,pcm,43,14,29,0.3256,14,29,0.3256,1.0,43,0,1.0,3.0714,4,39,0.093,0.2857
3823,implicit,29,12,17,0.4138,12,17,0.4138,1.0,29,0,1.0,2.4167,4,25,0.1379,0.3333
3824,solvation,114,18,96,0.1579,17,97,0.1491,0.9444,114,0,1.0,6.7059,9,105,0.0789,0.5294
3825,capped,45,12,33,0.2667,12,33,0.2667,1.0,45,0,1.0,3.75,4,41,0.0889,0.3333
3826,simplistic,19,12,7,0.6316,12,7,0.6316,1.0,19,0,1.0,1.5833,4,15,0.2105,0.3333
3827,z3347909109,1,1,0,1.0,1,0,1.0,1.0,1,0,1.0,1.0,1,0,1.0,1.0
3828,z954418982,1,1,0,1.0,1,0,1.0,1.0,1,0,1.0,1.0,0,1,0.0,0.0
3829,bmcl,30,9,21,0.3,9,21,0.3,1.0,30,0,1.0,3.3333,5,25,0.1667,0.5556
3830,jm0602357,9,9,0,1.0,9,0,1.0,1.0,9,0,1.0,1.0,5,4,0.5556,0.5556
3831,isatin,65,26,39,0.4,26,39,0.4,1.0,65,0,1.0,2.5,15,50,0.2308,0.5769
3832,sars-cov-19,9,9,0,1.0,9,0,1.0,1.0,9,0,1.0,1.0,5,4,0.5556,0.5556
3833,northeastern,9,9,0,1.0,9,0,1.0,1.0,9,0,1.0,1.0,5,4,0.5556,0.5556
3834,neu,290,39,251,0.1345,35,255,0.1207,0.8974,290,0,1.0,8.2857,24,266,0.0828,0.6857
3835,z56887738,9,9,0,1.0,9,0,1.0,1.0,9,0,1.0,1.0,5,4,0.5556,0.5556
3836,neu-0006838,9,9,0,1.0,9,0,1.0,1.0,9,0,1.0,1.0,5,4,0.5556,0.5556
3837,aa-001,33,32,1,0.9697,32,1,0.9697,1.0,33,0,1.0,1.0312,21,12,0.6364,0.6562
3838,z85304748,9,9,0,1.0,9,0,1.0,1.0,9,0,1.0,1.0,5,4,0.5556,0.5556
3839,neu-0006839,9,9,0,1.0,9,0,1.0,1.0,9,0,1.0,1.0,5,4,0.5556,0.5556
3840,z2944333641,9,9,0,1.0,9,0,1.0,1.0,9,0,1.0,1.0,5,4,0.5556,0.5556
3841,neu-0006840,9,9,0,1.0,9,0,1.0,1.0,9,0,1.0,1.0,5,4,0.5556,0.5556
3842,z199464140,9,9,0,1.0,9,0,1.0,1.0,9,0,1.0,1.0,5,4,0.5556,0.5556
3843,neu-0006841,9,9,0,1.0,9,0,1.0,1.0,9,0,1.0,1.0,5,4,0.5556,0.5556
3844,z57823200,9,9,0,1.0,9,0,1.0,1.0,9,0,1.0,1.0,5,4,0.5556,0.5556
3845,neu-0006842,9,9,0,1.0,9,0,1.0,1.0,9,0,1.0,1.0,5,4,0.5556,0.5556
3846,z247609642,9,9,0,1.0,9,0,1.0,1.0,9,0,1.0,1.0,5,4,0.5556,0.5556
3847,neu-0006843,9,9,0,1.0,9,0,1.0,1.0,9,0,1.0,1.0,5,4,0.5556,0.5556
3848,z808208506,9,9,0,1.0,9,0,1.0,1.0,9,0,1.0,1.0,5,4,0.5556,0.5556
3849,neu-0006844,9,9,0,1.0,9,0,1.0,1.0,9,0,1.0,1.0,5,4,0.5556,0.5556
3850,z2677411580,9,9,0,1.0,9,0,1.0,1.0,9,0,1.0,1.0,5,4,0.5556,0.5556
3851,neu-0006845,9,9,0,1.0,9,0,1.0,1.0,9,0,1.0,1.0,5,4,0.5556,0.5556
3852,z219138538,9,9,0,1.0,9,0,1.0,1.0,9,0,1.0,1.0,5,4,0.5556,0.5556
3853,neu-0006846,9,9,0,1.0,9,0,1.0,1.0,9,0,1.0,1.0,5,4,0.5556,0.5556
3854,shipment,204,197,7,0.9657,197,7,0.9657,1.0,204,0,1.0,1.0355,95,109,0.4657,0.4822
3855,m_275592____14114908____15839986____15857866,1,1,0,1.0,1,0,1.0,1.0,1,0,1.0,1.0,1,0,1.0,1.0
3856,robert,39,33,6,0.8462,17,22,0.4359,0.5152,39,0,1.0,2.2941,15,24,0.3846,0.8824
3857,glen,41,35,6,0.8537,18,23,0.439,0.5143,41,0,1.0,2.2778,16,25,0.3902,0.8889
3858,non-ideal,4,4,0,1.0,4,0,1.0,1.0,4,0,1.0,1.0,4,0,1.0,1.0
3859,quinolone-conhr,3,3,0,1.0,3,0,1.0,1.0,3,0,1.0,1.0,3,0,1.0,1.0
3860,triplet,3,3,0,1.0,3,0,1.0,1.0,3,0,1.0,1.0,3,0,1.0,1.0
3861,peri,631,111,520,0.1759,70,561,0.1109,0.6306,631,0,1.0,9.0143,27,604,0.0428,0.3857
3862,synthetisable,5,0,5,0.0,0,5,0.0,0.0,5,0,1.0,0.0,0,5,0.0,0.0
3863,mic-unk-e8a42ca9-1,2,0,2,0.0,0,2,0.0,0.0,2,0,1.0,0.0,0,2,0.0,0.0
3864,z850169270,1,1,0,1.0,1,0,1.0,1.0,1,0,1.0,1.0,0,1,0.0,0.0
3865,z1892040131,1,0,1,0.0,0,1,0.0,0.0,1,0,1.0,0.0,0,1,0.0,0.0
3866,mpro-x759,1,0,1,0.0,0,1,0.0,0.0,1,0,1.0,0.0,0,1,0.0,0.0
3867,21st,10,0,10,0.0,0,10,0.0,0.0,10,0,1.0,0.0,0,10,0.0,0.0
3868,clark,72,0,72,0.0,0,72,0.0,0.0,72,0,1.0,0.0,0,72,0.0,0.0
3869,acetylene,30,1,29,0.0333,1,29,0.0333,1.0,30,0,1.0,30.0,0,30,0.0,0.0
3870,graa-10,1,0,1,0.0,0,1,0.0,0.0,1,0,1.0,0.0,0,1,0.0,0.0
3871,z424436044,1,0,1,0.0,0,1,0.0,0.0,1,0,1.0,0.0,0,1,0.0,0.0
3872,23rd,10,0,10,0.0,0,10,0.0,0.0,10,0,1.0,0.0,0,10,0.0,0.0
3873,z2631325197,1,0,1,0.0,0,1,0.0,0.0,1,0,1.0,0.0,0,1,0.0,0.0
3874,mak-unk-752736de,18,0,18,0.0,0,18,0.0,0.0,18,0,1.0,0.0,0,18,0.0,0.0
3875,graa-15,1,0,1,0.0,0,1,0.0,0.0,1,0,1.0,0.0,0,1,0.0,0.0
3876,pcm-0102655,17,0,17,0.0,0,17,0.0,0.0,17,0,1.0,0.0,0,17,0.0,0.0
3877,pcm-0102584,17,0,17,0.0,0,17,0.0,0.0,17,0,1.0,0.0,0,17,0.0,0.0
3878,for-scientists,27,0,27,0.0,0,27,0.0,0.0,27,0,1.0,0.0,0,27,0.0,0.0
3879,main-protease-structure-and-xchem,27,0,27,0.0,0,27,0.0,0.0,27,0,1.0,0.0,0,27,0.0,0.0
3880,html,87,27,60,0.3103,25,62,0.2874,0.9259,87,0,1.0,3.48,2,85,0.023,0.08
3881,z2181647498,1,1,0,1.0,1,0,1.0,1.0,1,0,1.0,1.0,0,1,0.0,0.0
3882,z1014758736,1,0,1,0.0,0,1,0.0,0.0,1,0,1.0,0.0,0,1,0.0,0.0
3883,doodles,19,0,19,0.0,0,19,0.0,0.0,19,0,1.0,0.0,0,19,0.0,0.0
3884,pyridine_urea,33,0,33,0.0,0,33,0.0,0.0,33,0,1.0,0.0,0,33,0.0,0.0
3885,smi,131,31,100,0.2366,14,117,0.1069,0.4516,131,0,1.0,9.3571,2,129,0.0153,0.1429
3886,short-url,13,0,13,0.0,0,13,0.0,0.0,13,0,1.0,0.0,0,13,0.0,0.0
3887,hxvdtappgoslokwlhafapnmsdmv,13,0,13,0.0,0,13,0.0,0.0,13,0,1.0,0.0,0,13,0.0,0.0
3888,25th,10,0,10,0.0,0,10,0.0,0.0,10,0,1.0,0.0,0,10,0.0,0.0
3889,ai-aided,1,0,1,0.0,0,1,0.0,0.0,1,0,1.0,0.0,0,1,0.0,0.0
3890,saras-cov-2,1,0,1,0.0,0,1,0.0,0.0,1,0,1.0,0.0,0,1,0.0,0.0
3891,usrcat,24,0,24,0.0,0,24,0.0,0.0,24,0,1.0,0.0,0,24,0.0,0.0
3892,oligopeptide,24,0,24,0.0,0,24,0.0,0.0,24,0,1.0,0.0,0,24,0.0,0.0
3893,rejected,24,0,24,0.0,0,24,0.0,0.0,24,0,1.0,0.0,0,24,0.0,0.0
3894,graa-4,1,0,1,0.0,0,1,0.0,0.0,1,0,1.0,0.0,0,1,0.0,0.0
3895,adventurous,12,0,12,0.0,0,12,0.0,0.0,12,0,1.0,0.0,0,12,0.0,0.0
3896,graa-3,1,0,1,0.0,0,1,0.0,0.0,1,0,1.0,0.0,0,1,0.0,0.0
3897,z2180394362,1,1,0,1.0,1,0,1.0,1.0,1,0,1.0,1.0,0,1,0.0,0.0
3898,shipped,50,32,18,0.64,31,19,0.62,0.9688,50,0,1.0,1.6129,28,22,0.56,0.9032
3899,sai,11,7,4,0.6364,6,5,0.5455,0.8571,11,0,1.0,1.8333,6,5,0.5455,1.0
3900,teacher,3,0,3,0.0,0,3,0.0,0.0,3,0,1.0,0.0,0,3,0.0,0.0
3901,mak-unk-be5ffcbc,3,0,3,0.0,0,3,0.0,0.0,3,0,1.0,0.0,0,3,0.0,0.0
3902,z757872544,1,1,0,1.0,1,0,1.0,1.0,1,0,1.0,1.0,0,1,0.0,0.0
3903,z1529605835,1,1,0,1.0,1,0,1.0,1.0,1,0,1.0,1.0,1,0,1.0,1.0
3904,z2221461390,1,1,0,1.0,1,0,1.0,1.0,1,0,1.0,1.0,1,0,1.0,1.0
3905,lle,2883,157,2726,0.0545,136,2747,0.0472,0.8662,2883,0,1.0,21.1985,101,2782,0.035,0.7426
3906,z2043011475,1,0,1,0.0,0,1,0.0,0.0,1,0,1.0,0.0,0,1,0.0,0.0
3907,z1401016802,1,1,0,1.0,1,0,1.0,1.0,1,0,1.0,1.0,0,1,0.0,0.0
3908,4-methylpyridine,35,2,33,0.0571,2,33,0.0571,1.0,35,0,1.0,17.5,2,33,0.0571,1.0
3909,mic-unk-2744a8e2-1,1,0,1,0.0,0,1,0.0,0.0,1,0,1.0,0.0,0,1,0.0,0.0
3910,anilide,1,0,1,0.0,0,1,0.0,0.0,1,0,1.0,0.0,0,1,0.0,0.0
3911,benzylamide,1,0,1,0.0,0,1,0.0,0.0,1,0,1.0,0.0,0,1,0.0,0.0
3912,classmate,5,0,5,0.0,0,5,0.0,0.0,5,0,1.0,0.0,0,5,0.0,0.0
3913,ahn-sat-202241f6-1,5,0,5,0.0,0,5,0.0,0.0,5,0,1.0,0.0,0,5,0.0,0.0
3914,mpro-x1093,34,0,34,0.0,0,34,0.0,0.0,34,0,1.0,0.0,0,34,0.0,0.0
3915,5rf7,1704,0,1704,0.0,0,1704,0.0,0.0,1704,0,1.0,0.0,0,1704,0.0,0.0
3916,serving,40,1,39,0.025,1,39,0.025,1.0,40,0,1.0,40.0,0,40,0.0,0.0
3917,stem,349,96,253,0.2751,83,266,0.2378,0.8646,349,0,1.0,4.2048,60,289,0.1719,0.7229
3918,cell-based,99,2,97,0.0202,2,97,0.0202,1.0,99,0,1.0,49.5,2,97,0.0202,1.0
3919,repertoire,1,0,1,0.0,0,1,0.0,0.0,1,0,1.0,0.0,0,1,0.0,0.0
3920,firmly,1,0,1,0.0,0,1,0.0,0.0,1,0,1.0,0.0,0,1,0.0,0.0
3921,initiate,19,0,19,0.0,0,19,0.0,0.0,19,0,1.0,0.0,0,19,0.0,0.0
3922,fruitful,1,0,1,0.0,0,1,0.0,0.0,1,0,1.0,0.0,0,1,0.0,0.0
3923,experimentation,1,0,1,0.0,0,1,0.0,0.0,1,0,1.0,0.0,0,1,0.0,0.0
3924,refer,281,48,233,0.1708,34,247,0.121,0.7083,281,0,1.0,8.2647,30,251,0.1068,0.8824
3925,ddr,365,23,342,0.063,17,348,0.0466,0.7391,365,0,1.0,21.4706,16,349,0.0438,0.9412
3926,serine,23,0,23,0.0,0,23,0.0,0.0,23,0,1.0,0.0,0,23,0.0,0.0
3927,dar-dia-23aa0b97-19,79,1,78,0.0127,1,78,0.0127,1.0,79,0,1.0,79.0,0,79,0.0,0.0
3928,dar-dia-23aa0b97-20,79,1,78,0.0127,1,78,0.0127,1.0,79,0,1.0,79.0,0,79,0.0,0.0
3929,dar-dia-23aa0b97-5,79,1,78,0.0127,1,78,0.0127,1.0,79,0,1.0,79.0,0,79,0.0,0.0
3930,try-uni-714a760b-18,79,1,78,0.0127,1,78,0.0127,1.0,79,0,1.0,79.0,0,79,0.0,0.0
3931,try-uni-714a760b-22,79,1,78,0.0127,1,78,0.0127,1.0,79,0,1.0,79.0,0,79,0.0,0.0
3932,try-uni-714a760b-20,80,1,79,0.0125,1,79,0.0125,1.0,80,0,1.0,80.0,0,80,0.0,0.0
3933,may29,1,0,1,0.0,0,1,0.0,0.0,1,0,1.0,0.0,0,1,0.0,0.0
3934,mpro-x2562_bar-com-4e090d3a-39,26,0,26,0.0,0,26,0.0,0.0,26,0,1.0,0.0,0,26,0.0,0.0
3935,twitter,5,0,5,0.0,0,5,0.0,0.0,5,0,1.0,0.0,0,5,0.0,0.0
3936,cutearguments,5,0,5,0.0,0,5,0.0,0.0,5,0,1.0,0.0,0,5,0.0,0.0
3937,status,5,0,5,0.0,0,5,0.0,0.0,5,0,1.0,0.0,0,5,0.0,0.0
3938,elaboration,38,1,37,0.0263,1,37,0.0263,1.0,38,0,1.0,38.0,1,37,0.0263,1.0
3939,sim-syn-f15aaa3a-1,31,0,31,0.0,0,31,0.0,0.0,31,0,1.0,0.0,0,31,0.0,0.0
3940,dan-lon-a5fc619e-8,54,0,54,0.0,0,54,0.0,0.0,54,0,1.0,0.0,0,54,0.0,0.0
3941,aar-pos-d2a4d1df-35,16,0,16,0.0,0,16,0.0,0.0,16,0,1.0,0.0,0,16,0.0,0.0
3942,dar-dia-fb20be43-6,16,0,16,0.0,0,16,0.0,0.0,16,0,1.0,0.0,0,16,0.0,0.0
3943,aar-pos-d2a4d1df-40,16,0,16,0.0,0,16,0.0,0.0,16,0,1.0,0.0,0,16,0.0,0.0
3944,bar-com-4e090d3a-6,7,0,7,0.0,0,7,0.0,0.0,7,0,1.0,0.0,0,7,0.0,0.0
3945,pure,64,34,30,0.5312,33,31,0.5156,0.9706,64,0,1.0,1.9394,32,32,0.5,0.9697
3946,z1237901883,1,0,1,0.0,0,1,0.0,0.0,1,0,1.0,0.0,0,1,0.0,0.0
3947,holder,534,11,523,0.0206,11,523,0.0206,1.0,534,0,1.0,48.5455,7,527,0.0131,0.6364
3948,june,30,4,26,0.1333,4,26,0.1333,1.0,30,0,1.0,7.5,3,27,0.1,0.75
3949,gen,4971,240,4731,0.0483,198,4773,0.0398,0.825,4971,0,1.0,25.1061,112,4859,0.0225,0.5657
3950,winning,14,14,0,1.0,14,0,1.0,1.0,14,0,1.0,1.0,13,1,0.9286,0.9286
3951,mak-unk-af83ef51-2,44,1,43,0.0227,1,43,0.0227,1.0,44,0,1.0,44.0,0,44,0.0,0.0
3952,peptidic,13,0,13,0.0,0,13,0.0,0.0,13,0,1.0,0.0,0,13,0.0,0.0
3953,-30,130,42,88,0.3231,39,91,0.3,0.9286,130,0,1.0,3.3333,38,92,0.2923,0.9744
3954,14k,20,0,20,0.0,0,20,0.0,0.0,20,0,1.0,0.0,0,20,0.0,0.0
3955,magic,51,1,50,0.0196,1,50,0.0196,1.0,51,0,1.0,51.0,1,50,0.0196,1.0
3956,compound-sets-to-score-for-how-well-they-can-recapitulate-fragment-mergers,90,0,90,0.0,0,90,0.0,0.0,90,0,1.0,0.0,0,90,0.0,0.0
3957,systematically,20,0,20,0.0,0,20,0.0,0.0,20,0,1.0,0.0,0,20,0.0,0.0
3958,paul,28,0,28,0.0,0,28,0.0,0.0,28,0,1.0,0.0,0,28,0.0,0.0
3959,13k,10,0,10,0.0,0,10,0.0,0.0,10,0,1.0,0.0,0,10,0.0,0.0
3960,simplicity,10,0,10,0.0,0,10,0.0,0.0,10,0,1.0,0.0,0,10,0.0,0.0
3961,one-step,14,0,14,0.0,0,14,0.0,0.0,14,0,1.0,0.0,0,14,0.0,0.0
3962,1mm,1,0,1,0.0,0,1,0.0,0.0,1,0,1.0,0.0,0,1,0.0,0.0
3963,fragmenstein-merging,20,0,20,0.0,0,20,0.0,0.0,20,0,1.0,0.0,0,20,0.0,0.0
3964,abysmal,5,0,5,0.0,0,5,0.0,0.0,5,0,1.0,0.0,0,5,0.0,0.0
3965,fsp3,5,0,5,0.0,0,5,0.0,0.0,5,0,1.0,0.0,0,5,0.0,0.0
3966,azaheterocycle,5,0,5,0.0,0,5,0.0,0.0,5,0,1.0,0.0,0,5,0.0,0.0
3967,aminopyridine,277,41,236,0.148,39,238,0.1408,0.9512,277,0,1.0,7.1026,31,246,0.1119,0.7949
3968,sulfides,3,0,3,0.0,0,3,0.0,0.0,3,0,1.0,0.0,0,3,0.0,0.0
3969,z829964940,2,0,2,0.0,0,2,0.0,0.0,2,0,1.0,0.0,0,2,0.0,0.0
3970,z2067091472,2,0,2,0.0,0,2,0.0,0.0,2,0,1.0,0.0,0,2,0.0,0.0
3971,recognition,32,10,22,0.3125,8,24,0.25,0.8,32,0,1.0,4.0,2,30,0.0625,0.25
3972,assist,62,10,52,0.1613,7,55,0.1129,0.7,62,0,1.0,8.8571,1,61,0.0161,0.1429
3973,z1023116522,1,0,1,0.0,0,1,0.0,0.0,1,0,1.0,0.0,0,1,0.0,0.0
3974,iminoquinones,5,2,3,0.4,2,3,0.4,1.0,5,0,1.0,2.5,2,3,0.4,1.0
3975,redox-active,5,2,3,0.4,2,3,0.4,1.0,5,0,1.0,2.5,2,3,0.4,1.0
3976,31st,5,0,5,0.0,0,5,0.0,0.0,5,0,1.0,0.0,0,5,0.0,0.0
3977,26k,20,0,20,0.0,0,20,0.0,0.0,20,0,1.0,0.0,0,20,0.0,0.0
3978,en300-99709,1,0,1,0.0,0,1,0.0,0.0,1,0,1.0,0.0,0,1,0.0,0.0
3979,reformatsky,1,0,1,0.0,0,1,0.0,0.0,1,0,1.0,0.0,0,1,0.0,0.0
3980,en300-19200,1,0,1,0.0,0,1,0.0,0.0,1,0,1.0,0.0,0,1,0.0,0.0
3981,saponification,1,0,1,0.0,0,1,0.0,0.0,1,0,1.0,0.0,0,1,0.0,0.0
3982,alp-pos-c59291d4-4,1,1,0,1.0,1,0,1.0,1.0,1,0,1.0,1.0,1,0,1.0,1.0
3983,enamine-available,11,11,0,1.0,8,3,0.7273,0.7273,11,0,1.0,1.375,3,8,0.2727,0.375
3984,10um,11,11,0,1.0,8,3,0.7273,0.7273,11,0,1.0,1.375,3,8,0.2727,0.375
3985,append,3,0,3,0.0,0,3,0.0,0.0,3,0,1.0,0.0,0,3,0.0,0.0
3986,en300-191624,1,0,1,0.0,0,1,0.0,0.0,1,0,1.0,0.0,0,1,0.0,0.0
3987,alp-pos-c0ee8219,4,4,0,1.0,0,4,0.0,0.0,4,0,1.0,0.0,0,4,0.0,0.0
3988,n-acetyl-fluorotryptamine,4,0,4,0.0,0,4,0.0,0.0,4,0,1.0,0.0,0,4,0.0,0.0
3989,dihydrobenzofuran,4,0,4,0.0,0,4,0.0,0.0,4,0,1.0,0.0,0,4,0.0,0.0
3990,amide-containing,4,0,4,0.0,0,4,0.0,0.0,4,0,1.0,0.0,0,4,0.0,0.0
3991,angle,116,4,112,0.0345,2,114,0.0172,0.5,116,0,1.0,58.0,1,115,0.0086,0.5
3992,jor-uni-2fc98d0b-12,20,4,16,0.2,1,19,0.05,0.25,20,0,1.0,20.0,0,20,0.0,0.0
3993,5-chloro-7-nitrobenzofuran-3,4,0,4,0.0,0,4,0.0,0.0,4,0,1.0,0.0,0,4,0.0,0.0
3994,-one,5,0,5,0.0,0,5,0.0,0.0,5,0,1.0,0.0,0,5,0.0,0.0
3995,wittig,7,0,7,0.0,0,7,0.0,0.0,7,0,1.0,0.0,0,7,0.0,0.0
3996,olefin,4,0,4,0.0,0,4,0.0,0.0,4,0,1.0,0.0,0,4,0.0,0.0
3997,metathesis,9,0,9,0.0,0,9,0.0,0.0,9,0,1.0,0.0,0,9,0.0,0.0
3998,allylacetamide,4,0,4,0.0,0,4,0.0,0.0,4,0,1.0,0.0,0,4,0.0,0.0
3999,limonene,1,0,1,0.0,0,1,0.0,0.0,1,0,1.0,0.0,0,1,0.0,0.0
4000,substitute,233,38,195,0.1631,17,216,0.073,0.4474,233,0,1.0,13.7059,15,218,0.0644,0.8824
4001,detergent,1,0,1,0.0,0,1,0.0,0.0,1,0,1.0,0.0,0,1,0.0,0.0
4002,s-s,84,11,73,0.131,8,76,0.0952,0.7273,84,0,1.0,10.5,1,83,0.0119,0.125
4003,omeprazole,40,0,40,0.0,0,40,0.0,0.0,40,0,1.0,0.0,0,40,0.0,0.0
4004,pump,40,0,40,0.0,0,40,0.0,0.0,40,0,1.0,0.0,0,40,0.0,0.0
4005,contraindications,1,0,1,0.0,0,1,0.0,0.0,1,0,1.0,0.0,0,1,0.0,0.0
4006,trapping,6,0,6,0.0,0,6,0.0,0.0,6,0,1.0,0.0,0,6,0.0,0.0
4007,unprecedented,1,0,1,0.0,0,1,0.0,0.0,1,0,1.0,0.0,0,1,0.0,0.0
4008,subtle,10,0,10,0.0,0,10,0.0,0.0,10,0,1.0,0.0,0,10,0.0,0.0
4009,pmc,8,2,6,0.25,2,6,0.25,1.0,8,0,1.0,4.0,0,8,0.0,0.0
4010,pmc7114104,1,0,1,0.0,0,1,0.0,0.0,1,0,1.0,0.0,0,1,0.0,0.0
4011,conclusion,2,0,2,0.0,0,2,0.0,0.0,2,0,1.0,0.0,0,2,0.0,0.0
4012,annua,1,0,1,0.0,0,1,0.0,0.0,1,0,1.0,0.0,0,1,0.0,0.0
4013,radiata,1,0,1,0.0,0,1,0.0,0.0,1,0,1.0,0.0,0,1,0.0,0.0
4014,lingua,1,0,1,0.0,0,1,0.0,0.0,1,0,1.0,0.0,0,1,0.0,0.0
4015,aggregata,1,0,1,0.0,0,1,0.0,0.0,1,0,1.0,0.0,0,1,0.0,0.0
4016,vero,2,0,2,0.0,0,2,0.0,0.0,2,0,1.0,0.0,0,2,0.0,0.0
4017,cpe,1,0,1,0.0,0,1,0.0,0.0,1,0,1.0,0.0,0,1,0.0,0.0
4018,mts,1,0,1,0.0,0,1,0.0,0.0,1,0,1.0,0.0,0,1,0.0,0.0
4019,lycorine,1,0,1,0.0,0,1,0.0,0.0,1,0,1.0,0.0,0,1,0.0,0.0
4020,alkaloid,1,0,1,0.0,0,1,0.0,0.0,1,0,1.0,0.0,0,1,0.0,0.0
4021,herbal,1,0,1,0.0,0,1,0.0,0.0,1,0,1.0,0.0,0,1,0.0,0.0
4022,usage,1,0,1,0.0,0,1,0.0,0.0,1,0,1.0,0.0,0,1,0.0,0.0
4023,herbs,1,0,1,0.0,0,1,0.0,0.0,1,0,1.0,0.0,0,1,0.0,0.0
4024,medicine,1,0,1,0.0,0,1,0.0,0.0,1,0,1.0,0.0,0,1,0.0,0.0
4025,man-uba-9f922de6,14,0,14,0.0,0,14,0.0,0.0,14,0,1.0,0.0,0,14,0.0,0.0
4026,man-uba-9f922de6-1,14,0,14,0.0,0,14,0.0,0.0,14,0,1.0,0.0,0,14,0.0,0.0
4027,5reh,9,9,0,1.0,0,9,0.0,0.0,9,0,1.0,0.0,0,9,0.0,0.0
4028,5rgv,9,9,0,1.0,0,9,0.0,0.0,9,0,1.0,0.0,0,9,0.0,0.0
4029,5rez,9,9,0,1.0,0,9,0.0,0.0,9,0,1.0,0.0,0,9,0.0,0.0
4030,5re4,9,9,0,1.0,0,9,0.0,0.0,9,0,1.0,0.0,0,9,0.0,0.0
4031,5rgy,9,9,0,1.0,0,9,0.0,0.0,9,0,1.0,0.0,0,9,0.0,0.0
4032,reversibly,4,1,3,0.25,1,3,0.25,1.0,4,0,1.0,4.0,1,3,0.25,1.0
4033,fragment-derived,2,1,1,0.5,1,1,0.5,1.0,2,0,1.0,2.0,1,1,0.5,1.0
4034,cruzain,2,1,1,0.5,1,1,0.5,1.0,2,0,1.0,2.0,1,1,0.5,1.0
4035,manipulation,2,1,1,0.5,1,1,0.5,1.0,2,0,1.0,2.0,1,1,0.5,1.0
4036,figshare,3,1,2,0.3333,1,2,0.3333,1.0,3,0,1.0,3.0,1,2,0.3333,1.0
4037,famotidine,4,0,4,0.0,0,4,0.0,0.0,4,0,1.0,0.0,0,4,0.0,0.0
4038,antagonist,4,0,4,0.0,0,4,0.0,0.0,4,0,1.0,0.0,0,4,0.0,0.0
4039,stomach,4,0,4,0.0,0,4,0.0,0.0,4,0,1.0,0.0,0,4,0.0,0.0
4040,ulcers,4,0,4,0.0,0,4,0.0,0.0,4,0,1.0,0.0,0,4,0.0,0.0
4041,pharm,3459,117,3342,0.0338,71,3388,0.0205,0.6068,3459,0,1.0,48.7183,34,3425,0.0098,0.4789
4042,sin,8115,481,7634,0.0593,362,7753,0.0446,0.7526,8115,0,1.0,22.4171,242,7873,0.0298,0.6685
4043,ranitidine,4,0,4,0.0,0,4,0.0,0.0,4,0,1.0,0.0,0,4,0.0,0.0
4044,cimetidine,4,0,4,0.0,0,4,0.0,0.0,4,0,1.0,0.0,0,4,0.0,0.0
4045,burimamide,4,0,4,0.0,0,4,0.0,0.0,4,0,1.0,0.0,0,4,0.0,0.0
4046,bourinbaiar,4,0,4,0.0,0,4,0.0,0.0,4,0,1.0,0.0,0,4,0.0,0.0
4047,fruhstorfer,4,0,4,0.0,0,4,0.0,0.0,4,0,1.0,0.0,0,4,0.0,0.0
4048,sci,341,73,268,0.2141,71,270,0.2082,0.9726,341,0,1.0,4.8028,65,276,0.1906,0.9155
4049,365-70,4,0,4,0.0,0,4,0.0,0.0,4,0,1.0,0.0,0,4,0.0,0.0
4050,wasnt,4,0,4,0.0,0,4,0.0,0.0,4,0,1.0,0.0,0,4,0.0,0.0
4051,bbc,1,0,1,0.0,0,1,0.0,0.0,1,0,1.0,0.0,0,1,0.0,0.0
4052,health-53061281,1,0,1,0.0,0,1,0.0,0.0,1,0,1.0,0.0,0,1,0.0,0.0
4053,chemselleck,148,0,148,0.0,0,148,0.0,0.0,148,0,1.0,0.0,0,148,0.0,0.0
4054,l7000,48,0,48,0.0,0,48,0.0,0.0,48,0,1.0,0.0,0,48,0.0,0.0
4055,irreversibly,2,0,2,0.0,0,2,0.0,0.0,2,0,1.0,0.0,0,2,0.0,0.0
4056,thioredoxin,2,0,2,0.0,0,2,0.0,0.0,2,0,1.0,0.0,0,2,0.0,0.0
4057,non-catalytic,2,0,2,0.0,0,2,0.0,0.0,2,0,1.0,0.0,0,2,0.0,0.0
4058,arsenal,2,0,2,0.0,0,2,0.0,0.0,2,0,1.0,0.0,0,2,0.0,0.0
4059,ppis,41,0,41,0.0,0,41,0.0,0.0,41,0,1.0,0.0,0,41,0.0,0.0
4060,ilk,2,0,2,0.0,0,2,0.0,0.0,2,0,1.0,0.0,0,2,0.0,0.0
4061,tocris,2,0,2,0.0,0,2,0.0,0.0,2,0,1.0,0.0,0,2,0.0,0.0
4062,px-12_2954,2,0,2,0.0,0,2,0.0,0.0,2,0,1.0,0.0,0,2,0.0,0.0
4063,pharmaceutical-journal,2,0,2,0.0,0,2,0.0,0.0,2,0,1.0,0.0,0,2,0.0,0.0
4064,news-and-analysis,2,0,2,0.0,0,2,0.0,0.0,2,0,1.0,0.0,0,2,0.0,0.0
4065,opinion,2,0,2,0.0,0,2,0.0,0.0,2,0,1.0,0.0,0,2,0.0,0.0
4066,targeting-the-thioredoxin-system-in-the-treatment-of-certain-cancers,2,0,2,0.0,0,2,0.0,0.0,2,0,1.0,0.0,0,2,0.0,0.0
4067,firstpass,2,0,2,0.0,0,2,0.0,0.0,2,0,1.0,0.0,0,2,0.0,0.0
4068,cyclobutanehydroxylamine,2,0,2,0.0,0,2,0.0,0.0,2,0,1.0,0.0,0,2,0.0,0.0
4069,ucb,694,197,497,0.2839,154,540,0.2219,0.7817,694,0,1.0,4.5065,127,567,0.183,0.8247
4070,jan-ghe-bf40f168-10,1,1,0,1.0,1,0,1.0,1.0,1,0,1.0,1.0,0,1,0.0,0.0
4071,bf40f168-4eec-438e-a3f5-b4da0b83bc9c,1,1,0,1.0,1,0,1.0,1.0,1,0,1.0,1.0,0,1,0.0,0.0
4072,dan-lon-a5fc619e-3,37,0,37,0.0,0,37,0.0,0.0,37,0,1.0,0.0,0,37,0.0,0.0
4073,med-chemists,25,4,21,0.16,2,23,0.08,0.5,25,0,1.0,12.5,2,23,0.08,1.0
4074,perfume,2,0,2,0.0,0,2,0.0,0.0,2,0,1.0,0.0,0,2,0.0,0.0
4075,ingredient,15,0,15,0.0,0,15,0.0,0.0,15,0,1.0,0.0,0,15,0.0,0.0
4076,calone,3,0,3,0.0,0,3,0.0,0.0,3,0,1.0,0.0,0,3,0.0,0.0
4077,mat-pos-ee51dedd-2,10,0,10,0.0,0,10,0.0,0.0,10,0,1.0,0.0,0,10,0.0,0.0
4078,z2194996992,1,1,0,1.0,1,0,1.0,1.0,1,0,1.0,1.0,0,1,0.0,0.0
4079,tandfonline,1,0,1,0.0,0,1,0.0,0.0,1,0,1.0,0.0,0,1,0.0,0.0
4080,gemcitabine,1,0,1,0.0,0,1,0.0,0.0,1,0,1.0,0.0,0,1,0.0,0.0
4081,modulation,1,0,1,0.0,0,1,0.0,0.0,1,0,1.0,0.0,0,1,0.0,0.0
4082,nucleotide,17,0,17,0.0,0,17,0.0,0.0,17,0,1.0,0.0,0,17,0.0,0.0
4083,biosynthesis,1,0,1,0.0,0,1,0.0,0.0,1,0,1.0,0.0,0,1,0.0,0.0
4084,enterovirus,1,0,1,0.0,0,1,0.0,0.0,1,0,1.0,0.0,0,1,0.0,0.0
4085,corv-2,10,0,10,0.0,0,10,0.0,0.0,10,0,1.0,0.0,0,10,0.0,0.0
4086,reaction-based,10,0,10,0.0,0,10,0.0,0.0,10,0,1.0,0.0,0,10,0.0,0.0
4087,methanesulfonamide,10,0,10,0.0,0,10,0.0,0.0,10,0,1.0,0.0,0,10,0.0,0.0
4088,jfm,10,0,10,0.0,0,10,0.0,0.0,10,0,1.0,0.0,0,10,0.0,0.0
4089,yielded,17,0,17,0.0,0,17,0.0,0.0,17,0,1.0,0.0,0,17,0.0,0.0
4090,designer,63,0,63,0.0,0,63,0.0,0.0,63,0,1.0,0.0,0,63,0.0,0.0
4091,z466807550,1,1,0,1.0,1,0,1.0,1.0,1,0,1.0,1.0,0,1,0.0,0.0
4092,forgot,1,0,1,0.0,0,1,0.0,0.0,1,0,1.0,0.0,0,1,0.0,0.0
4093,19k,1,0,1,0.0,0,1,0.0,0.0,1,0,1.0,0.0,0,1,0.0,0.0
4094,mak-unk-0d6072ac-21,1,0,1,0.0,0,1,0.0,0.0,1,0,1.0,0.0,0,1,0.0,0.0
4095,nja-man-b9fb953f-4,72,0,72,0.0,0,72,0.0,0.0,72,0,1.0,0.0,0,72,0.0,0.0
4096,pmc7114332,1,0,1,0.0,0,1,0.0,0.0,1,0,1.0,0.0,0,1,0.0,0.0
4097,emodin,1,0,1,0.0,0,1,0.0,0.0,1,0,1.0,0.0,0,1,0.0,0.0
4098,8-trihydroxy-6-methylanthraquinone,1,0,1,0.0,0,1,0.0,0.0,1,0,1.0,0.0,0,1,0.0,0.0
4099,rhein,1,0,1,0.0,0,1,0.0,0.0,1,0,1.0,0.0,0,1,0.0,0.0
4100,8-dihydroxy-3-carboxyl-9,1,0,1,0.0,0,1,0.0,0.0,1,0,1.0,0.0,0,1,0.0,0.0
4101,10-anthraquinone,1,0,1,0.0,0,1,0.0,0.0,1,0,1.0,0.0,0,1,0.0,0.0
4102,chrysin,1,0,1,0.0,0,1,0.0,0.0,1,0,1.0,0.0,0,1,0.0,0.0
4103,7-dihydroxyflavone,1,0,1,0.0,0,1,0.0,0.0,1,0,1.0,0.0,0,1,0.0,0.0
4104,genus,1,0,1,0.0,0,1,0.0,0.0,1,0,1.0,0.0,0,1,0.0,0.0
4105,rheum,5,3,2,0.6,3,2,0.6,1.0,5,0,1.0,1.6667,3,2,0.6,1.0
4106,polygonum,1,0,1,0.0,0,1,0.0,0.0,1,0,1.0,0.0,0,1,0.0,0.0
4107,koyama,1,0,1,0.0,0,1,0.0,0.0,1,0,1.0,0.0,0,1,0.0,0.0
4108,nonaka,1,0,1,0.0,0,1,0.0,0.0,1,0,1.0,0.0,0,1,0.0,0.0
4109,belong,2,0,2,0.0,0,2,0.0,0.0,2,0,1.0,0.0,0,2,0.0,0.0
4110,anthraquinone,1,0,1,0.0,0,1,0.0,0.0,1,0,1.0,0.0,0,1,0.0,0.0
4111,dose-dependent,1,0,1,0.0,0,1,0.0,0.0,1,0,1.0,0.0,0,1,0.0,0.0
4112,preincubation,1,0,1,0.0,0,1,0.0,0.0,1,0,1.0,0.0,0,1,0.0,0.0
4113,biotinylated,1,0,1,0.0,0,1,0.0,0.0,1,0,1.0,0.0,0,1,0.0,0.0
4114,exhibited,11,10,1,0.9091,0,11,0.0,0.0,11,0,1.0,0.0,0,11,0.0,0.0
4115,weak,159,13,146,0.0818,7,152,0.044,0.5385,159,0,1.0,22.7143,7,152,0.044,1.0
4116,stimulated,14,2,12,0.1429,1,13,0.0714,0.5,14,0,1.0,14.0,1,13,0.0714,1.0
4117,constituent,1,0,1,0.0,0,1,0.0,0.0,1,0,1.0,0.0,0,1,0.0,0.0
4118,mat-pos-2db6411e-2,10,1,9,0.1,1,9,0.1,1.0,10,0,1.0,10.0,1,9,0.1,1.0
4119,kilo-calories,1,0,1,0.0,0,1,0.0,0.0,1,0,1.0,0.0,0,1,0.0,0.0
4120,hopping,24,14,10,0.5833,7,17,0.2917,0.5,24,0,1.0,3.4286,1,23,0.0417,0.1429
4121,jag-ucb-a3ef7265-20,185,48,137,0.2595,30,155,0.1622,0.625,185,0,1.0,6.1667,13,172,0.0703,0.4333
4122,campaign,25,3,22,0.12,3,22,0.12,1.0,25,0,1.0,8.3333,0,25,0.0,0.0
4123,israel,18,0,18,0.0,0,18,0.0,0.0,18,0,1.0,0.0,0,18,0.0,0.0
4124,18th,18,0,18,0.0,0,18,0.0,0.0,18,0,1.0,0.0,0,18,0.0,0.0
4125,distributed,100,0,100,0.0,0,100,0.0,0.0,100,0,1.0,0.0,0,100,0.0,0.0
4126,oxford,115,15,100,0.1304,15,100,0.1304,1.0,115,0,1.0,7.6667,15,100,0.1304,1.0
4127,anti-cancer,100,0,100,0.0,0,100,0.0,0.0,100,0,1.0,0.0,0,100,0.0,0.0
4128,find-a-drug,100,0,100,0.0,0,100,0.0,0.0,100,0,1.0,0.0,0,100,0.0,0.0
4129,exceeds,100,0,100,0.0,0,100,0.0,0.0,100,0,1.0,0.0,0,100,0.0,0.0
4130,cvd-4754,1,1,0,1.0,1,0,1.0,1.0,1,0,1.0,1.0,1,0,1.0,1.0
4131,cvd-5329,1,1,0,1.0,1,0,1.0,1.0,1,0,1.0,1.0,1,0,1.0,1.0
4132,pyran,159,46,113,0.2893,26,133,0.1635,0.5652,159,0,1.0,6.1154,22,137,0.1384,0.8462
4133,fluorescence,175,21,154,0.12,20,155,0.1143,0.9524,175,0,1.0,8.75,16,159,0.0914,0.8
4134,c-pr,18,6,12,0.3333,3,15,0.1667,0.5,18,0,1.0,6.0,3,15,0.1667,1.0
4135,monomer,8,2,6,0.25,0,8,0.0,0.0,8,0,1.0,0.0,0,8,0.0,0.0
4136,unavailable,4,0,4,0.0,0,4,0.0,0.0,4,0,1.0,0.0,0,4,0.0,0.0
4137,bar-com-df4db19c-1,1,1,0,1.0,0,1,0.0,0.0,1,0,1.0,0.0,0,1,0.0,0.0
4138,lysine,10,0,10,0.0,0,10,0.0,0.0,10,0,1.0,0.0,0,10,0.0,0.0
4139,precedent,31,12,19,0.3871,7,24,0.2258,0.5833,31,0,1.0,4.4286,7,24,0.2258,1.0
4140,bury,38,2,36,0.0526,0,38,0.0,0.0,38,0,1.0,0.0,0,38,0.0,0.0
4141,benzopyran,109,42,67,0.3853,23,86,0.211,0.5476,109,0,1.0,4.7391,21,88,0.1927,0.913
4142,quaternary,37,9,28,0.2432,5,32,0.1351,0.5556,37,0,1.0,7.4,4,33,0.1081,0.8
4143,oxetane,17,2,15,0.1176,0,17,0.0,0.0,17,0,1.0,0.0,0,17,0.0,0.0
4144,anomeric,15,2,13,0.1333,0,15,0.0,0.0,15,0,1.0,0.0,0,15,0.0,0.0
4145,acetonide,15,2,13,0.1333,0,15,0.0,0.0,15,0,1.0,0.0,0,15,0.0,0.0
4146,ch2ch2,23,2,21,0.087,0,23,0.0,0.0,23,0,1.0,0.0,0,23,0.0,0.0
4147,looses,15,2,13,0.1333,0,15,0.0,0.0,15,0,1.0,0.0,0,15,0.0,0.0
4148,spiromorpholine,17,2,15,0.1176,0,17,0.0,0.0,17,0,1.0,0.0,0,17,0.0,0.0
4149,torsion,27,4,23,0.1481,2,25,0.0741,0.5,27,0,1.0,13.5,2,25,0.0741,1.0
4150,griffen,289,37,252,0.128,31,258,0.1073,0.8378,289,0,1.0,9.3226,30,259,0.1038,0.9677
4151,sonogashira,4,0,4,0.0,0,4,0.0,0.0,4,0,1.0,0.0,0,4,0.0,0.0
4152,follow-ons,46,5,41,0.1087,1,45,0.0217,0.2,46,0,1.0,46.0,1,45,0.0217,1.0
4153,behalp,46,5,41,0.1087,1,45,0.0217,0.2,46,0,1.0,46.0,1,45,0.0217,1.0
4154,vladas,19,4,15,0.2105,2,17,0.1053,0.5,19,0,1.0,9.5,2,17,0.1053,1.0
4155,akos,1202,1,1201,0.0008,0,1202,0.0,0.0,1202,0,1.0,0.0,0,1202,0.0,0.0
4156,carboxamide,3,0,3,0.0,0,3,0.0,0.0,3,0,1.0,0.0,0,3,0.0,0.0
4157,custom-docking-protocol-combining-crem-and-autodock-vina,39,0,39,0.0,0,39,0.0,0.0,39,0,1.0,0.0,0,39,0.0,0.0
4158,examine,34,2,32,0.0588,2,32,0.0588,1.0,34,0,1.0,17.0,2,32,0.0588,1.0
4159,racemisation,1,0,1,0.0,0,1,0.0,0.0,1,0,1.0,0.0,0,1,0.0,0.0
4160,mask,9,2,7,0.2222,2,7,0.2222,1.0,9,0,1.0,4.5,0,9,0.0,0.0
4161,efflux,10,0,10,0.0,0,10,0.0,0.0,10,0,1.0,0.0,0,10,0.0,0.0
4162,permeation,9,0,9,0.0,0,9,0.0,0.0,9,0,1.0,0.0,0,9,0.0,0.0
4163,aurothioglucose,1,0,1,0.0,0,1,0.0,0.0,1,0,1.0,0.0,0,1,0.0,0.0
4164,hy-a0068,1,0,1,0.0,0,1,0.0,0.0,1,0,1.0,0.0,0,1,0.0,0.0
4165,medchemexpress,1,0,1,0.0,0,1,0.0,0.0,1,0,1.0,0.0,0,1,0.0,0.0
4166,lstm-based,56,1,55,0.0179,1,55,0.0179,1.0,56,0,1.0,56.0,1,55,0.0179,1.0
4167,classifier,76,1,75,0.0132,1,75,0.0132,1.0,76,0,1.0,76.0,1,75,0.0132,1.0
4168,l3800,100,0,100,0.0,0,100,0.0,0.0,100,0,1.0,0.0,0,100,0.0,0.0
4169,vast,1007,0,1007,0.0,0,1007,0.0,0.0,1007,0,1.0,0.0,0,1007,0.0,0.0
4170,3-amino-pyridine,997,0,997,0.0,0,997,0.0,0.0,997,0,1.0,0.0,0,997,0.0,0.0
4171,substructure,1066,23,1043,0.0216,22,1044,0.0206,0.9565,1066,0,1.0,48.4545,3,1063,0.0028,0.1364
4172,partitioned,2497,0,2497,0.0,0,2497,0.0,0.0,2497,0,1.0,0.0,0,2497,0.0,0.0
4173,sars-cov-1,25,10,15,0.4,10,15,0.4,1.0,25,0,1.0,2.5,6,19,0.24,0.6
4174,agn-new-891393a6-1,14,3,11,0.2143,1,13,0.0714,0.3333,14,0,1.0,14.0,1,13,0.0714,1.0
4175,basically,1,0,1,0.0,0,1,0.0,0.0,1,0,1.0,0.0,0,1,0.0,0.0
4176,fch7095490,1,0,1,0.0,0,1,0.0,0.0,1,0,1.0,0.0,0,1,0.0,0.0
4177,4-6,156,61,95,0.391,53,103,0.3397,0.8689,156,0,1.0,2.9434,17,139,0.109,0.3208
4178,demand,1,0,1,0.0,0,1,0.0,0.0,1,0,1.0,0.0,0,1,0.0,0.0
4179,hydrophilicity,9,2,7,0.2222,1,8,0.1111,0.5,9,0,1.0,9.0,1,8,0.1111,1.0
4180,en300-91586,8,1,7,0.125,0,8,0.0,0.0,8,0,1.0,0.0,0,8,0.0,0.0
4181,en300-227280,8,1,7,0.125,0,8,0.0,0.0,8,0,1.0,0.0,0,8,0.0,0.0
4182,en300-208794,8,1,7,0.125,0,8,0.0,0.0,8,0,1.0,0.0,0,8,0.0,0.0
4183,en300-98039,8,1,7,0.125,0,8,0.0,0.0,8,0,1.0,0.0,0,8,0.0,0.0
4184,en300-203077,8,1,7,0.125,0,8,0.0,0.0,8,0,1.0,0.0,0,8,0.0,0.0
4185,en300-307132,8,1,7,0.125,0,8,0.0,0.0,8,0,1.0,0.0,0,8,0.0,0.0
4186,en300-1118874,8,1,7,0.125,0,8,0.0,0.0,8,0,1.0,0.0,0,8,0.0,0.0
4187,en300-1118206,8,1,7,0.125,0,8,0.0,0.0,8,0,1.0,0.0,0,8,0.0,0.0
4188,bobby,11,4,7,0.3636,2,9,0.1818,0.5,11,0,1.0,5.5,2,9,0.1818,1.0
4189,benzoxane,1,0,1,0.0,0,1,0.0,0.0,1,0,1.0,0.0,0,1,0.0,0.0
4190,napthayl,1,0,1,0.0,0,1,0.0,0.0,1,0,1.0,0.0,0,1,0.0,0.0
4191,latest,206,177,29,0.8592,177,29,0.8592,1.0,206,0,1.0,1.1638,78,128,0.3786,0.4407
4192,n-aminoheterocycles,23,1,22,0.0435,1,22,0.0435,1.0,23,0,1.0,23.0,1,22,0.0435,1.0
4193,c-aminoheterocycles,23,1,22,0.0435,1,22,0.0435,1.0,23,0,1.0,23.0,1,22,0.0435,1.0
4194,meta-chlorophenyl,28,6,22,0.2143,6,22,0.2143,1.0,28,0,1.0,4.6667,6,22,0.2143,1.0
4195,acetic,53,1,52,0.0189,1,52,0.0189,1.0,53,0,1.0,53.0,1,52,0.0189,1.0
4196,b-lactam,23,1,22,0.0435,1,22,0.0435,1.0,23,0,1.0,23.0,1,22,0.0435,1.0
4197,jag-ucb,239,75,164,0.3138,53,186,0.2218,0.7067,239,0,1.0,4.5094,29,210,0.1213,0.5472
4198,causing,23,1,22,0.0435,1,22,0.0435,1.0,23,0,1.0,23.0,1,22,0.0435,1.0
4199,immense,23,1,22,0.0435,1,22,0.0435,1.0,23,0,1.0,23.0,1,22,0.0435,1.0
4200,des,6373,827,5546,0.1298,679,5694,0.1065,0.821,6373,0,1.0,9.3859,412,5961,0.0646,0.6068
4201,elongation,15,0,15,0.0,0,15,0.0,0.0,15,0,1.0,0.0,0,15,0.0,0.0
4202,fitted,15,0,15,0.0,0,15,0.0,0.0,15,0,1.0,0.0,0,15,0.0,0.0
4203,gia-unk-20b63697-6,15,0,15,0.0,0,15,0.0,0.0,15,0,1.0,0.0,0,15,0.0,0.0
4204,gia-unk-20b63697-2,15,0,15,0.0,0,15,0.0,0.0,15,0,1.0,0.0,0,15,0.0,0.0
4205,phenylisoxazole,15,0,15,0.0,0,15,0.0,0.0,15,0,1.0,0.0,0,15,0.0,0.0
4206,mediated,5,0,5,0.0,0,5,0.0,0.0,5,0,1.0,0.0,0,5,0.0,0.0
4207,maximize,28,4,24,0.1429,4,24,0.1429,1.0,28,0,1.0,7.0,3,25,0.1071,0.75
4208,lasso,28,4,24,0.1429,4,24,0.1429,1.0,28,0,1.0,7.0,3,25,0.1071,0.75
4209,glm,28,4,24,0.1429,4,24,0.1429,1.0,28,0,1.0,7.0,3,25,0.1071,0.75
4210,implemented,28,4,24,0.1429,4,24,0.1429,1.0,28,0,1.0,7.0,3,25,0.1071,0.75
4211,caret,28,4,24,0.1429,4,24,0.1429,1.0,28,0,1.0,7.0,3,25,0.1071,0.75
4212,package,63,4,59,0.0635,4,59,0.0635,1.0,63,0,1.0,15.75,3,60,0.0476,0.75
4213,exported,28,4,24,0.1429,4,24,0.1429,1.0,28,0,1.0,7.0,3,25,0.1071,0.75
4214,28th,28,4,24,0.1429,4,24,0.1429,1.0,28,0,1.0,7.0,3,25,0.1071,0.75
4215,categories,28,4,24,0.1429,4,24,0.1429,1.0,28,0,1.0,7.0,3,25,0.1071,0.75
4216,epa,479,35,444,0.0731,30,449,0.0626,0.8571,479,0,1.0,15.9667,19,460,0.0397,0.6333
4217,indication,29,4,25,0.1379,4,25,0.1379,1.0,29,0,1.0,7.25,3,26,0.1034,0.75
4218,timeline,28,4,24,0.1429,4,24,0.1429,1.0,28,0,1.0,7.0,3,25,0.1071,0.75
4219,limitations,28,4,24,0.1429,4,24,0.1429,1.0,28,0,1.0,7.0,3,25,0.1071,0.75
4220,ovarlays,11,2,9,0.1818,2,9,0.1818,1.0,11,0,1.0,5.5,0,11,0.0,0.0
4221,additive,29,7,22,0.2414,5,24,0.1724,0.7143,29,0,1.0,5.8,5,24,0.1724,1.0
4222,enantiopure,37,34,3,0.9189,33,4,0.8919,0.9706,37,0,1.0,1.1212,32,5,0.8649,0.9697
4223,scramble,1,0,1,0.0,0,1,0.0,0.0,1,0,1.0,0.0,0,1,0.0,0.0
4224,jbf,1,0,1,0.0,0,1,0.0,0.0,1,0,1.0,0.0,0,1,0.0,0.0
4225,froma,1,0,1,0.0,0,1,0.0,0.0,1,0,1.0,0.0,0,1,0.0,0.0
4226,benzodiazepine,1,0,1,0.0,0,1,0.0,0.0,1,0,1.0,0.0,0,1,0.0,0.0
4227,triazepine,1,0,1,0.0,0,1,0.0,0.0,1,0,1.0,0.0,0,1,0.0,0.0
4228,clin,134,4,130,0.0299,4,130,0.0299,1.0,134,0,1.0,33.5,0,134,0.0,0.0
4229,jm070139l,1,0,1,0.0,0,1,0.0,0.0,1,0,1.0,0.0,0,1,0.0,0.0
4230,htp,7,0,7,0.0,0,7,0.0,0.0,7,0,1.0,0.0,0,7,0.0,0.0
4231,verified,7,0,7,0.0,0,7,0.0,0.0,7,0,1.0,0.0,0,7,0.0,0.0
4232,best-scoring,7,0,7,0.0,0,7,0.0,0.0,7,0,1.0,0.0,0,7,0.0,0.0
4233,biaryl,10,0,10,0.0,0,10,0.0,0.0,10,0,1.0,0.0,0,10,0.0,0.0
4234,focussed,6,6,0,1.0,5,1,0.8333,0.8333,6,0,1.0,1.2,5,1,0.8333,1.0
4235,fep,175,100,75,0.5714,55,120,0.3143,0.55,175,0,1.0,3.1818,55,120,0.3143,1.0
4236,qligfep,6,6,0,1.0,5,1,0.8333,0.8333,6,0,1.0,1.2,5,1,0.8333,1.0
4237,jespers,6,6,0,1.0,5,1,0.8333,0.8333,6,0,1.0,1.2,5,1,0.8333,1.0
4238,cheminform,194,9,185,0.0464,5,189,0.0258,0.5556,194,0,1.0,38.8,5,189,0.0258,1.0
4239,try-uni-2eddb1ff-7,79,29,50,0.3671,21,58,0.2658,0.7241,79,0,1.0,3.7619,20,59,0.2532,0.9524
4240,visualise,19,0,19,0.0,0,19,0.0,0.0,19,0,1.0,0.0,0,19,0.0,0.0
4241,cprop,1,0,1,0.0,0,1,0.0,0.0,1,0,1.0,0.0,0,1,0.0,0.0
4242,moved,94,6,88,0.0638,6,88,0.0638,1.0,94,0,1.0,15.6667,2,92,0.0213,0.3333
4243,sulphur,6,0,6,0.0,0,6,0.0,0.0,6,0,1.0,0.0,0,6,0.0,0.0
4244,survey,1,0,1,0.0,0,1,0.0,0.0,1,0,1.0,0.0,0,1,0.0,0.0
4245,jm501853m,1,0,1,0.0,0,1,0.0,0.0,1,0,1.0,0.0,0,1,0.0,0.0
4246,lon-wei-babf2c61,9,1,8,0.1111,1,8,0.1111,1.0,9,0,1.0,9.0,0,9,0.0,0.0
4247,fluorophenethyl,19,1,18,0.0526,1,18,0.0526,1.0,19,0,1.0,19.0,0,19,0.0,0.0
4248,cyclohexylethyl,44,1,43,0.0227,1,43,0.0227,1.0,44,0,1.0,44.0,0,44,0.0,0.0
4249,cyclopropylamine,9,1,8,0.1111,1,8,0.1111,1.0,9,0,1.0,9.0,0,9,0.0,0.0
4250,isoquinoline,900,212,688,0.2356,144,756,0.16,0.6792,900,0,1.0,6.25,141,759,0.1567,0.9792
4251,appropiate,15,1,14,0.0667,1,14,0.0667,1.0,15,0,1.0,15.0,0,15,0.0,0.0
4252,ammonium-catalyzed,9,1,8,0.1111,1,8,0.1111,1.0,9,0,1.0,9.0,0,9,0.0,0.0
4253,chromane-4-carboxylic,9,1,8,0.1111,1,8,0.1111,1.0,9,0,1.0,9.0,0,9,0.0,0.0
4254,ptc,9,1,8,0.1111,1,8,0.1111,1.0,9,0,1.0,9.0,0,9,0.0,0.0
4255,mess,2,0,2,0.0,0,2,0.0,0.0,2,0,1.0,0.0,0,2,0.0,0.0
4256,isosteric,111,28,83,0.2523,19,92,0.1712,0.6786,111,0,1.0,5.8421,7,104,0.0631,0.3684
4257,nx2-,1,0,1,0.0,0,1,0.0,0.0,1,0,1.0,0.0,0,1,0.0,0.0
4258,2-connected,1,0,1,0.0,0,1,0.0,0.0,1,0,1.0,0.0,0,1,0.0,0.0
4259,compensated,1,0,1,0.0,0,1,0.0,0.0,1,0,1.0,0.0,0,1,0.0,0.0
4260,decision-making,1,0,1,0.0,0,1,0.0,0.0,1,0,1.0,0.0,0,1,0.0,0.0
4261,recognised,100,12,88,0.12,12,88,0.12,1.0,100,0,1.0,8.3333,7,93,0.07,0.5833
4262,consequently,100,12,88,0.12,12,88,0.12,1.0,100,0,1.0,8.3333,7,93,0.07,0.5833
4263,cyclopropyltriazole,2,0,2,0.0,0,2,0.0,0.0,2,0,1.0,0.0,0,2,0.0,0.0
4264,handle,104,1,103,0.0096,0,104,0.0,0.0,104,0,1.0,0.0,0,104,0.0,0.0
4265,align,204,24,180,0.1176,20,184,0.098,0.8333,204,0,1.0,10.2,19,185,0.0931,0.95
4266,piperidone,4,0,4,0.0,0,4,0.0,0.0,4,0,1.0,0.0,0,4,0.0,0.0
4267,pet-unk-fcd64629,1,0,1,0.0,0,1,0.0,0.0,1,0,1.0,0.0,0,1,0.0,0.0
4268,fcd64629-0770-431b-85b8-883f59b970d1,1,0,1,0.0,0,1,0.0,0.0,1,0,1.0,0.0,0,1,0.0,0.0
4269,chlorophenyl,104,8,96,0.0769,8,96,0.0769,1.0,104,0,1.0,13.0,8,96,0.0769,1.0
4270,cyano,63,17,46,0.2698,16,47,0.254,0.9412,63,0,1.0,3.9375,16,47,0.254,1.0
4271,preference,14,1,13,0.0714,1,13,0.0714,1.0,14,0,1.0,14.0,1,13,0.0714,1.0
4272,homochirally,1,0,1,0.0,0,1,0.0,0.0,1,0,1.0,0.0,0,1,0.0,0.0
4273,r-configuration,1,0,1,0.0,0,1,0.0,0.0,1,0,1.0,0.0,0,1,0.0,0.0
4274,rewrote,39,0,39,0.0,0,39,0.0,0.0,39,0,1.0,0.0,0,39,0.0,0.0
4275,sought,39,0,39,0.0,0,39,0.0,0.0,39,0,1.0,0.0,0,39,0.0,0.0
4276,rearrangement,39,0,39,0.0,0,39,0.0,0.0,39,0,1.0,0.0,0,39,0.0,0.0
4277,comp-chem,25,8,17,0.32,8,17,0.32,1.0,25,0,1.0,3.125,7,18,0.28,0.875
4278,comp,7100,1097,6003,0.1545,915,6185,0.1289,0.8341,7100,0,1.0,7.7596,511,6589,0.072,0.5585
4279,jag-ucb-c61058a9-1,1,1,0,1.0,1,0,1.0,1.0,1,0,1.0,1.0,0,1,0.0,0.0
4280,beta-lactam,63,18,45,0.2857,13,50,0.2063,0.7222,63,0,1.0,4.8462,11,52,0.1746,0.8462
4281,jan-ghe-5a013bed-2,13,3,10,0.2308,2,11,0.1538,0.6667,13,0,1.0,6.5,2,11,0.1538,1.0
4282,jan-ghe-5a013bed-3,11,2,9,0.1818,2,9,0.1818,1.0,11,0,1.0,5.5,2,9,0.1818,1.0
4283,mat-pos-c478e61b,2,1,1,0.5,1,1,0.5,1.0,2,0,1.0,2.0,1,1,0.5,1.0
4284,revised,4,0,4,0.0,0,4,0.0,0.0,4,0,1.0,0.0,0,4,0.0,0.0
4285,mic-unk-deda7a44,4,0,4,0.0,0,4,0.0,0.0,4,0,1.0,0.0,0,4,0.0,0.0
4286,aminotriazole,14,9,5,0.6429,8,6,0.5714,0.8889,14,0,1.0,1.75,8,6,0.5714,1.0
4287,obsolete,4,0,4,0.0,0,4,0.0,0.0,4,0,1.0,0.0,0,4,0.0,0.0
4288,lor-neu-c8f11034,31,23,8,0.7419,23,8,0.7419,1.0,31,0,1.0,1.3478,16,15,0.5161,0.6957
4289,z444349834,18,17,1,0.9444,17,1,0.9444,1.0,18,0,1.0,1.0588,10,8,0.5556,0.5882
4290,neu-0006847,18,17,1,0.9444,17,1,0.9444,1.0,18,0,1.0,1.0588,10,8,0.5556,0.5882
4291,z358393210,18,17,1,0.9444,17,1,0.9444,1.0,18,0,1.0,1.0588,10,8,0.5556,0.5882
4292,neu-0006848,18,17,1,0.9444,17,1,0.9444,1.0,18,0,1.0,1.0588,10,8,0.5556,0.5882
4293,z111715598,18,17,1,0.9444,17,1,0.9444,1.0,18,0,1.0,1.0588,10,8,0.5556,0.5882
4294,neu-0006849,18,17,1,0.9444,17,1,0.9444,1.0,18,0,1.0,1.0588,10,8,0.5556,0.5882
4295,z111479636,18,17,1,0.9444,17,1,0.9444,1.0,18,0,1.0,1.0588,10,8,0.5556,0.5882
4296,neu-0006850,18,17,1,0.9444,17,1,0.9444,1.0,18,0,1.0,1.0588,10,8,0.5556,0.5882
4297,z1763358916,18,17,1,0.9444,17,1,0.9444,1.0,18,0,1.0,1.0588,10,8,0.5556,0.5882
4298,neu-0006851,18,17,1,0.9444,17,1,0.9444,1.0,18,0,1.0,1.0588,10,8,0.5556,0.5882
4299,z1776036453,18,17,1,0.9444,17,1,0.9444,1.0,18,0,1.0,1.0588,10,8,0.5556,0.5882
4300,neu-0006852,18,17,1,0.9444,17,1,0.9444,1.0,18,0,1.0,1.0588,10,8,0.5556,0.5882
4301,z111479666,18,17,1,0.9444,17,1,0.9444,1.0,18,0,1.0,1.0588,10,8,0.5556,0.5882
4302,neu-0006853,18,17,1,0.9444,17,1,0.9444,1.0,18,0,1.0,1.0588,10,8,0.5556,0.5882
4303,z27790585,18,17,1,0.9444,17,1,0.9444,1.0,18,0,1.0,1.0588,10,8,0.5556,0.5882
4304,neu-0006854,18,17,1,0.9444,17,1,0.9444,1.0,18,0,1.0,1.0588,10,8,0.5556,0.5882
4305,z85305142,18,17,1,0.9444,17,1,0.9444,1.0,18,0,1.0,1.0588,10,8,0.5556,0.5882
4306,neu-0006855,18,17,1,0.9444,17,1,0.9444,1.0,18,0,1.0,1.0588,10,8,0.5556,0.5882
4307,z229622108,18,17,1,0.9444,17,1,0.9444,1.0,18,0,1.0,1.0588,10,8,0.5556,0.5882
4308,neu-0006856,18,17,1,0.9444,17,1,0.9444,1.0,18,0,1.0,1.0588,10,8,0.5556,0.5882
4309,z229622170,18,17,1,0.9444,17,1,0.9444,1.0,18,0,1.0,1.0588,10,8,0.5556,0.5882
4310,neu-0006857,18,17,1,0.9444,17,1,0.9444,1.0,18,0,1.0,1.0588,10,8,0.5556,0.5882
4311,z229619010,18,17,1,0.9444,17,1,0.9444,1.0,18,0,1.0,1.0588,10,8,0.5556,0.5882
4312,neu-0006858,18,17,1,0.9444,17,1,0.9444,1.0,18,0,1.0,1.0588,10,8,0.5556,0.5882
4313,z3025441400,18,17,1,0.9444,17,1,0.9444,1.0,18,0,1.0,1.0588,10,8,0.5556,0.5882
4314,neu-0006859,18,17,1,0.9444,17,1,0.9444,1.0,18,0,1.0,1.0588,10,8,0.5556,0.5882
4315,z1551924411,18,17,1,0.9444,17,1,0.9444,1.0,18,0,1.0,1.0588,10,8,0.5556,0.5882
4316,neu-0006860,18,17,1,0.9444,17,1,0.9444,1.0,18,0,1.0,1.0588,10,8,0.5556,0.5882
4317,z2733715421,18,17,1,0.9444,17,1,0.9444,1.0,18,0,1.0,1.0588,10,8,0.5556,0.5882
4318,neu-0006861,18,17,1,0.9444,17,1,0.9444,1.0,18,0,1.0,1.0588,10,8,0.5556,0.5882
4319,z358392728,18,17,1,0.9444,17,1,0.9444,1.0,18,0,1.0,1.0588,10,8,0.5556,0.5882
4320,neu-0006862,18,17,1,0.9444,17,1,0.9444,1.0,18,0,1.0,1.0588,10,8,0.5556,0.5882
4321,z27072616,18,17,1,0.9444,17,1,0.9444,1.0,18,0,1.0,1.0588,10,8,0.5556,0.5882
4322,neu-0006863,18,17,1,0.9444,17,1,0.9444,1.0,18,0,1.0,1.0588,10,8,0.5556,0.5882
4323,z992717312,18,17,1,0.9444,17,1,0.9444,1.0,18,0,1.0,1.0588,10,8,0.5556,0.5882
4324,neu-0006864,18,17,1,0.9444,17,1,0.9444,1.0,18,0,1.0,1.0588,10,8,0.5556,0.5882
4325,butyrolactone,9,3,6,0.3333,2,7,0.2222,0.6667,9,0,1.0,4.5,2,7,0.2222,1.0
4326,shot,878,292,586,0.3326,266,612,0.303,0.911,878,0,1.0,3.3008,58,820,0.0661,0.218
4327,l-q-s,9,0,9,0.0,0,9,0.0,0.0,9,0,1.0,0.0,0,9,0.0,0.0
4328,ramos-guzmán,9,0,9,0.0,0,9,0.0,0.0,9,0,1.0,0.0,0,9,0.0,0.0
4329,personal,12,0,12,0.0,0,12,0.0,0.0,12,0,1.0,0.0,0,12,0.0,0.0
4330,correspondence,9,0,9,0.0,0,9,0.0,0.0,9,0,1.0,0.0,0,9,0.0,0.0
4331,iñaki,9,0,9,0.0,0,9,0.0,0.0,9,0,1.0,0.0,0,9,0.0,0.0
4332,tuñón,9,0,9,0.0,0,9,0.0,0.0,9,0,1.0,0.0,0,9,0.0,0.0
4333,massively,9,0,9,0.0,0,9,0.0,0.0,9,0,1.0,0.0,0,9,0.0,0.0
4334,lucky,9,0,9,0.0,0,9,0.0,0.0,9,0,1.0,0.0,0,9,0.0,0.0
4335,medium,24,5,19,0.2083,5,19,0.2083,1.0,24,0,1.0,4.8,1,23,0.0417,0.2
4336,evolutionary,9,0,9,0.0,0,9,0.0,0.0,9,0,1.0,0.0,0,9,0.0,0.0
4337,niching,9,0,9,0.0,0,9,0.0,0.0,9,0,1.0,0.0,0,9,0.0,0.0
4338,100k,9,0,9,0.0,0,9,0.0,0.0,9,0,1.0,0.0,0,9,0.0,0.0
4339,refine,168,4,164,0.0238,1,167,0.006,0.25,168,0,1.0,168.0,0,168,0.0,0.0
4340,attenuate,17,0,17,0.0,0,17,0.0,0.0,17,0,1.0,0.0,0,17,0.0,0.0
4341,exp,6016,416,5600,0.0691,355,5661,0.059,0.8534,6016,0,1.0,16.9465,211,5805,0.0351,0.5944
4342,-n_matches,9,0,9,0.0,0,9,0.0,0.0,9,0,1.0,0.0,0,9,0.0,0.0
4343,suppressing,9,0,9,0.0,0,9,0.0,0.0,9,0,1.0,0.0,0,9,0.0,0.0
4344,weird,9,0,9,0.0,0,9,0.0,0.0,9,0,1.0,0.0,0,9,0.0,0.0
4345,ergodicity,9,0,9,0.0,0,9,0.0,0.0,9,0,1.0,0.0,0,9,0.0,0.0
4346,monte-carlo,9,0,9,0.0,0,9,0.0,0.0,9,0,1.0,0.0,0,9,0.0,0.0
4347,refinds,9,0,9,0.0,0,9,0.0,0.0,9,0,1.0,0.0,0,9,0.0,0.0
4348,warrior,39,5,34,0.1282,5,34,0.1282,1.0,39,0,1.0,7.8,0,39,0.0,0.0
4349,ruiz-pernía,9,0,9,0.0,0,9,0.0,0.0,9,0,1.0,0.0,0,9,0.0,0.0
4350,unraveling,9,0,9,0.0,0,9,0.0,0.0,9,0,1.0,0.0,0,9,0.0,0.0
4351,multiscale,9,0,9,0.0,0,9,0.0,0.0,9,0,1.0,0.0,0,9,0.0,0.0
4352,dft,9,0,9,0.0,0,9,0.0,0.0,9,0,1.0,0.0,0,9,0.0,0.0
4353,mic-unk-42806bd5,6,4,2,0.6667,4,2,0.6667,1.0,6,0,1.0,1.5,4,2,0.6667,1.0
4354,ornithine,2,1,1,0.5,1,1,0.5,1.0,2,0,1.0,2.0,1,1,0.5,1.0
4355,siamese,4,4,0,1.0,1,3,0.25,0.25,4,0,1.0,4.0,1,3,0.25,1.0
4356,gcnns,4,4,0,1.0,1,3,0.25,0.25,4,0,1.0,4.0,1,3,0.25,1.0
4357,chlorobenzene,23,7,16,0.3043,6,17,0.2609,0.8571,23,0,1.0,3.8333,6,17,0.2609,1.0
4358,lon-wei-adc59df6-78,1,0,1,0.0,0,1,0.0,0.0,1,0,1.0,0.0,0,1,0.0,0.0
4359,adc59df6-a3dd-4d89-ae76-550f19fbfbe3,1,0,1,0.0,0,1,0.0,0.0,1,0,1.0,0.0,0,1,0.0,0.0
4360,lon-wei-adc59df6-47,3,2,1,0.6667,2,1,0.6667,1.0,3,0,1.0,1.5,2,1,0.6667,1.0
4361,edj-med-2c295496-1,1,1,0,1.0,1,0,1.0,1.0,1,0,1.0,1.0,1,0,1.0,1.0
4362,joh-uni-a5c0a47e-3,1,1,0,1.0,1,0,1.0,1.0,1,0,1.0,1.0,1,0,1.0,1.0
4363,proteinase,1,0,1,0.0,0,1,0.0,0.0,1,0,1.0,0.0,0,1,0.0,0.0
4364,insight,32,15,17,0.4688,14,18,0.4375,0.9333,32,0,1.0,2.2857,8,24,0.25,0.5714
4365,phenylester,1,1,0,1.0,0,1,0.0,0.0,1,0,1.0,0.0,0,1,0.0,0.0
4366,benzotriazole,129,33,96,0.2558,28,101,0.2171,0.8485,129,0,1.0,4.6071,28,101,0.2171,1.0
4367,in-stock,143,32,111,0.2238,31,112,0.2168,0.9688,143,0,1.0,4.6129,29,114,0.2028,0.9355
4368,ada-ucb-6c2cb422-1,147,48,99,0.3265,47,100,0.3197,0.9792,147,0,1.0,3.1277,47,100,0.3197,1.0
4369,nitroalkyl,1,0,1,0.0,0,1,0.0,0.0,1,0,1.0,0.0,0,1,0.0,0.0
4370,alp-pos-c59291d4-5,44,1,43,0.0227,1,43,0.0227,1.0,44,0,1.0,44.0,1,43,0.0227,1.0
4371,insane,13,0,13,0.0,0,13,0.0,0.0,13,0,1.0,0.0,0,13,0.0,0.0
4372,quality-diversity,41,0,41,0.0,0,41,0.0,0.0,41,0,1.0,0.0,0,41,0.0,0.0
4373,dav-cri-14a23e73-1,25,3,22,0.12,1,24,0.04,0.3333,25,0,1.0,25.0,1,24,0.04,1.0
4374,strength,42,10,32,0.2381,9,33,0.2143,0.9,42,0,1.0,4.6667,9,33,0.2143,1.0
4375,quinazoline,16,1,15,0.0625,1,15,0.0625,1.0,16,0,1.0,16.0,1,15,0.0625,1.0
4376,alteration,14,3,11,0.2143,3,11,0.2143,1.0,14,0,1.0,4.6667,3,11,0.2143,1.0
4377,canonical,4,1,3,0.25,1,3,0.25,1.0,4,0,1.0,4.0,1,3,0.25,1.0
4378,measurements,243,22,221,0.0905,22,221,0.0905,1.0,243,0,1.0,11.0455,21,222,0.0864,0.9545
4379,single-shot,243,22,221,0.0905,22,221,0.0905,1.0,243,0,1.0,11.0455,21,222,0.0864,0.9545
4380,wuxi,1,0,1,0.0,0,1,0.0,0.0,1,0,1.0,0.0,0,1,0.0,0.0
4381,chr-sos-6c45c019-16,1,0,1,0.0,0,1,0.0,0.0,1,0,1.0,0.0,0,1,0.0,0.0
4382,lor-nor-30067bb9-14,1,1,0,1.0,1,0,1.0,1.0,1,0,1.0,1.0,0,1,0.0,0.0
4383,southampton,4,0,4,0.0,0,4,0.0,0.0,4,0,1.0,0.0,0,4,0.0,0.0
4384,interestingly,4,0,4,0.0,0,4,0.0,0.0,4,0,1.0,0.0,0,4,0.0,0.0
4385,norovirus,4,0,4,0.0,0,4,0.0,0.0,4,0,1.0,0.0,0,4,0.0,0.0
4386,nir,25,3,22,0.12,1,24,0.04,0.3333,25,0,1.0,25.0,1,24,0.04,1.0
4387,s41422-020-0356-z,4,2,2,0.5,0,4,0.0,0.0,4,0,1.0,0.0,0,4,0.0,0.0
4388,benzo,434,83,351,0.1912,56,378,0.129,0.6747,434,0,1.0,7.75,54,380,0.1244,0.9643
4389,tatiana,4,2,2,0.5,2,2,0.5,1.0,4,0,1.0,2.0,1,3,0.25,0.5
4390,matviyuk,3,1,2,0.3333,1,2,0.3333,1.0,3,0,1.0,3.0,1,2,0.3333,1.0
4391,sars-co-v-2,10,0,10,0.0,0,10,0.0,0.0,10,0,1.0,0.0,0,10,0.0,0.0
4392,carbene,172,0,172,0.0,0,172,0.0,0.0,172,0,1.0,0.0,0,172,0.0,0.0
4393,medium-sized,8,2,6,0.25,2,6,0.25,1.0,8,0,1.0,4.0,1,7,0.125,0.5
4394,sg-c,500,0,500,0.0,0,500,0.0,0.0,500,0,1.0,0.0,0,500,0.0,0.0
4395,elsewhere,501,0,501,0.0,0,501,0.0,0.0,501,0,1.0,0.0,0,501,0.0,0.0
4396,6wnp,1094,0,1094,0.0,0,1094,0.0,0.0,1094,0,1.0,0.0,0,1094,0.0,0.0
4397,favourable,500,0,500,0.0,0,500,0.0,0.0,500,0,1.0,0.0,0,500,0.0,0.0
4398,p1-p2,18,9,9,0.5,9,9,0.5,1.0,18,0,1.0,2.0,9,9,0.5,1.0
4399,cl-,53,4,49,0.0755,4,49,0.0755,1.0,53,0,1.0,13.25,3,50,0.0566,0.75
4400,investigate,16,4,12,0.25,3,13,0.1875,0.75,16,0,1.0,5.3333,3,13,0.1875,1.0
4401,elongated,4,3,1,0.75,3,1,0.75,1.0,4,0,1.0,1.3333,3,1,0.75,1.0
4402,penetrate,4,3,1,0.75,3,1,0.75,1.0,4,0,1.0,1.3333,3,1,0.75,1.0
4403,smaller,28,6,22,0.2143,6,22,0.2143,1.0,28,0,1.0,4.6667,6,22,0.2143,1.0
4404,benzothiazole,4,2,2,0.5,2,2,0.5,1.0,4,0,1.0,2.0,2,2,0.5,1.0
4405,deflecting,2,2,0,1.0,2,0,1.0,1.0,2,0,1.0,1.0,2,0,1.0,1.0
4406,des-cl,1,1,0,1.0,1,0,1.0,1.0,1,0,1.0,1.0,1,0,1.0,1.0
4407,restricted,5,0,5,0.0,0,5,0.0,0.0,5,0,1.0,0.0,0,5,0.0,0.0
4408,benzimidazole,4,0,4,0.0,0,4,0.0,0.0,4,0,1.0,0.0,0,4,0.0,0.0
4409,non-covalency,4,0,4,0.0,0,4,0.0,0.0,4,0,1.0,0.0,0,4,0.0,0.0
4410,chf2,19,0,19,0.0,0,19,0.0,0.0,19,0,1.0,0.0,0,19,0.0,0.0
4411,oxidase,27,0,27,0.0,0,27,0.0,0.0,27,0,1.0,0.0,0,27,0.0,0.0
4412,litmus,11,0,11,0.0,0,11,0.0,0.0,11,0,1.0,0.0,0,11,0.0,0.0
4413,stire,4,0,4,0.0,0,4,0.0,0.0,4,0,1.0,0.0,0,4,0.0,0.0
4414,amount,42,11,31,0.2619,10,32,0.2381,0.9091,42,0,1.0,4.2,10,32,0.2381,1.0
4415,baran,11,0,11,0.0,0,11,0.0,0.0,11,0,1.0,0.0,0,11,0.0,0.0
4416,lc-ms,11,0,11,0.0,0,11,0.0,0.0,11,0,1.0,0.0,0,11,0.0,0.0
4417,blocker,4,0,4,0.0,0,4,0.0,0.0,4,0,1.0,0.0,0,4,0.0,0.0
4418,rid,4039,330,3709,0.0817,264,3775,0.0654,0.8,4039,0,1.0,15.2992,106,3933,0.0262,0.4015
4419,quinoline,964,218,746,0.2261,148,816,0.1535,0.6789,964,0,1.0,6.5135,145,819,0.1504,0.9797
4420,jor-uni-2f98d0b-12,6,0,6,0.0,0,6,0.0,0.0,6,0,1.0,0.0,0,6,0.0,0.0
4421,hydrolized,6,0,6,0.0,0,6,0.0,0.0,6,0,1.0,0.0,0,6,0.0,0.0
4422,worthwhile,6,0,6,0.0,0,6,0.0,0.0,6,0,1.0,0.0,0,6,0.0,0.0
4423,try-uni-714a760b-12,6,0,6,0.0,0,6,0.0,0.0,6,0,1.0,0.0,0,6,0.0,0.0
4424,64µm,6,0,6,0.0,0,6,0.0,0.0,6,0,1.0,0.0,0,6,0.0,0.0
4425,try-uni-714a740b-6,6,0,6,0.0,0,6,0.0,0.0,6,0,1.0,0.0,0,6,0.0,0.0
4426,24µm,6,0,6,0.0,0,6,0.0,0.0,6,0,1.0,0.0,0,6,0.0,0.0
4427,edj-med-49816e9b-1,6,0,6,0.0,0,6,0.0,0.0,6,0,1.0,0.0,0,6,0.0,0.0
4428,29µm,6,0,6,0.0,0,6,0.0,0.0,6,0,1.0,0.0,0,6,0.0,0.0
4429,3-chloroacetophenone,6,0,6,0.0,0,6,0.0,0.0,6,0,1.0,0.0,0,6,0.0,0.0
4430,4-aminoisoquinoline,6,0,6,0.0,0,6,0.0,0.0,6,0,1.0,0.0,0,6,0.0,0.0
4431,4-chloromethylisoquinoline,6,0,6,0.0,0,6,0.0,0.0,6,0,1.0,0.0,0,6,0.0,0.0
4432,hydrolysed,5,0,5,0.0,0,5,0.0,0.0,5,0,1.0,0.0,0,5,0.0,0.0
4433,aza,364,12,352,0.033,9,355,0.0247,0.75,364,0,1.0,40.4444,9,355,0.0247,1.0
4434,non-coplanar,5,3,2,0.6,3,2,0.6,1.0,5,0,1.0,1.6667,3,2,0.6,1.0
4435,heteroaryl,26,8,18,0.3077,8,18,0.3077,1.0,26,0,1.0,3.25,5,21,0.1923,0.625
4436,orthogonal,16,4,12,0.25,3,13,0.1875,0.75,16,0,1.0,5.3333,3,13,0.1875,1.0
4437,anticipate,205,9,196,0.0439,8,197,0.039,0.8889,205,0,1.0,25.625,8,197,0.039,1.0
4438,risk,26,10,16,0.3846,6,20,0.2308,0.6,26,0,1.0,4.3333,5,21,0.1923,0.8333
4439,pet-unk-c9c1e0d8-3,41,0,41,0.0,0,41,0.0,0.0,41,0,1.0,0.0,0,41,0.0,0.0
4440,pet-unk-c9c1e0d8-4,29,0,29,0.0,0,29,0.0,0.0,29,0,1.0,0.0,0,29,0.0,0.0
4441,poorer,2,0,2,0.0,0,2,0.0,0.0,2,0,1.0,0.0,0,2,0.0,0.0
4442,pet-unk-67cd1298-1,1,0,1,0.0,0,1,0.0,0.0,1,0,1.0,0.0,0,1,0.0,0.0
4443,inconsistent,1,0,1,0.0,0,1,0.0,0.0,1,0,1.0,0.0,0,1,0.0,0.0
4444,pet-unk-bbe8d7ff-2,1,0,1,0.0,0,1,0.0,0.0,1,0,1.0,0.0,0,1,0.0,0.0
4445,ada-ucb-6c2cb422,148,48,100,0.3243,47,101,0.3176,0.9792,148,0,1.0,3.1489,47,101,0.3176,1.0
4446,favour,522,0,522,0.0,0,522,0.0,0.0,522,0,1.0,0.0,0,522,0.0,0.0
4447,dihydrate,4,0,4,0.0,0,4,0.0,0.0,4,0,1.0,0.0,0,4,0.0,0.0
4448,mic-unk-fc94cdb5-1,2,2,0,1.0,2,0,1.0,1.0,2,0,1.0,1.0,2,0,1.0,1.0
4449,mic-unk-66895286-1,2,2,0,1.0,2,0,1.0,1.0,2,0,1.0,1.0,2,0,1.0,1.0
4450,mic-unk-66895286-3,2,2,0,1.0,2,0,1.0,1.0,2,0,1.0,1.0,2,0,1.0,1.0
4451,mic-unk-42806bd5-1,2,2,0,1.0,2,0,1.0,1.0,2,0,1.0,1.0,2,0,1.0,1.0
4452,mic-unk-42806bd5-2,2,2,0,1.0,2,0,1.0,1.0,2,0,1.0,1.0,2,0,1.0,1.0
4453,cyanopyrimidines,15,15,0,1.0,15,0,1.0,1.0,15,0,1.0,1.0,15,0,1.0,1.0
4454,cyanoimidazoles,15,15,0,1.0,15,0,1.0,1.0,15,0,1.0,1.0,15,0,1.0,1.0
4455,agreed,15,15,0,1.0,15,0,1.0,1.0,15,0,1.0,1.0,15,0,1.0,1.0
4456,catalogue,15,15,0,1.0,15,0,1.0,1.0,15,0,1.0,1.0,15,0,1.0,1.0
4457,rcns,15,15,0,1.0,15,0,1.0,1.0,15,0,1.0,1.0,15,0,1.0,1.0
4458,györgy,15,15,0,1.0,15,0,1.0,1.0,15,0,1.0,1.0,15,0,1.0,1.0
4459,miklós,15,15,0,1.0,15,0,1.0,1.0,15,0,1.0,1.0,15,0,1.0,1.0
4460,keserű,15,15,0,1.0,15,0,1.0,1.0,15,0,1.0,1.0,15,0,1.0,1.0
4461,fluorochem,9,9,0,1.0,9,0,1.0,1.0,9,0,1.0,1.0,9,0,1.0,1.0
4462,facilities,15,15,0,1.0,15,0,1.0,1.0,15,0,1.0,1.0,15,0,1.0,1.0
4463,mic-unk-08cd9c58,1,1,0,1.0,0,1,0.0,0.0,1,0,1.0,0.0,0,1,0.0,0.0
4464,chloromethyl-,594,0,594,0.0,0,594,0.0,0.0,594,0,1.0,0.0,0,594,0.0,0.0
4465,reversibility,594,0,594,0.0,0,594,0.0,0.0,594,0,1.0,0.0,0,594,0.0,0.0
4466,intuition,3,0,3,0.0,0,3,0.0,0.0,3,0,1.0,0.0,0,3,0.0,0.0
4467,intution,1,0,1,0.0,0,1,0.0,0.0,1,0,1.0,0.0,0,1,0.0,0.0
4468,convalent,4,4,0,1.0,4,0,1.0,1.0,4,0,1.0,1.0,4,0,1.0,1.0
4469,aminopyridine-like,42,0,42,0.0,0,42,0.0,0.0,42,0,1.0,0.0,0,42,0.0,0.0
4470,lor-neu-c8f11034-2,7,0,7,0.0,0,7,0.0,0.0,7,0,1.0,0.0,0,7,0.0,0.0
4471,lor-neu-c8f11034-5,7,0,7,0.0,0,7,0.0,0.0,7,0,1.0,0.0,0,7,0.0,0.0
4472,ligandscout,7,0,7,0.0,0,7,0.0,0.0,7,0,1.0,0.0,0,7,0.0,0.0
4473,z218558892,7,0,7,0.0,0,7,0.0,0.0,7,0,1.0,0.0,0,7,0.0,0.0
4474,z1207158034,7,0,7,0.0,0,7,0.0,0.0,7,0,1.0,0.0,0,7,0.0,0.0
4475,z1207158277,7,0,7,0.0,0,7,0.0,0.0,7,0,1.0,0.0,0,7,0.0,0.0
4476,z1437255234,7,0,7,0.0,0,7,0.0,0.0,7,0,1.0,0.0,0,7,0.0,0.0
4477,z1029481548,7,0,7,0.0,0,7,0.0,0.0,7,0,1.0,0.0,0,7,0.0,0.0
4478,z49860501,7,0,7,0.0,0,7,0.0,0.0,7,0,1.0,0.0,0,7,0.0,0.0
4479,z118556284,7,0,7,0.0,0,7,0.0,0.0,7,0,1.0,0.0,0,7,0.0,0.0
4480,sars-cov1,59,3,56,0.0508,2,57,0.0339,0.6667,59,0,1.0,29.5,1,58,0.0169,0.5
4481,eri-ucb-ce40166b-6,3,3,0,1.0,3,0,1.0,1.0,3,0,1.0,1.0,3,0,1.0,1.0
4482,butyrolactams,5,0,5,0.0,0,5,0.0,0.0,5,0,1.0,0.0,0,5,0.0,0.0
4483,noticed,7,0,7,0.0,0,7,0.0,0.0,7,0,1.0,0.0,0,7,0.0,0.0
4484,synthetizable,5,0,5,0.0,0,5,0.0,0.0,5,0,1.0,0.0,0,5,0.0,0.0
4485,synthetised,3,0,3,0.0,0,3,0.0,0.0,3,0,1.0,0.0,0,3,0.0,0.0
4486,diacid,3,0,3,0.0,0,3,0.0,0.0,3,0,1.0,0.0,0,3,0.0,0.0
4487,anhydride,3,0,3,0.0,0,3,0.0,0.0,3,0,1.0,0.0,0,3,0.0,0.0
4488,alp-pos-d2866bdf-1,19,8,11,0.4211,8,11,0.4211,1.0,19,0,1.0,2.375,8,11,0.4211,1.0
4489,eri-ucb-ce40166b-8,1,1,0,1.0,1,0,1.0,1.0,1,0,1.0,1.0,1,0,1.0,1.0
4490,isolating,1,1,0,1.0,1,0,1.0,1.0,1,0,1.0,1.0,1,0,1.0,1.0
4491,received,2,2,0,1.0,2,0,1.0,1.0,2,0,1.0,1.0,2,0,1.0,1.0
4492,en300-6772159,9,9,0,1.0,8,1,0.8889,0.8889,9,0,1.0,1.125,8,1,0.8889,1.0
4493,en300-239671,9,9,0,1.0,8,1,0.8889,0.8889,9,0,1.0,1.125,8,1,0.8889,1.0
4494,en300-180452,9,9,0,1.0,8,1,0.8889,0.8889,9,0,1.0,1.125,8,1,0.8889,1.0
4495,en300-761010,9,9,0,1.0,8,1,0.8889,0.8889,9,0,1.0,1.125,8,1,0.8889,1.0
4496,en300-311374,9,9,0,1.0,8,1,0.8889,0.8889,9,0,1.0,1.125,8,1,0.8889,1.0
4497,en300-173032,9,9,0,1.0,8,1,0.8889,0.8889,9,0,1.0,1.125,8,1,0.8889,1.0
4498,en300-3135997,9,9,0,1.0,8,1,0.8889,0.8889,9,0,1.0,1.125,8,1,0.8889,1.0
4499,en300-19520207,9,9,0,1.0,8,1,0.8889,0.8889,9,0,1.0,1.125,8,1,0.8889,1.0
4500,en300-6480953,9,9,0,1.0,8,1,0.8889,0.8889,9,0,1.0,1.125,8,1,0.8889,1.0
4501,enaminestore,10,9,1,0.9,7,3,0.7,0.7778,10,0,1.0,1.4286,7,3,0.7,1.0
4502,en300-1601331,1,1,0,1.0,1,0,1.0,1.0,1,0,1.0,1.0,1,0,1.0,1.0
4503,syn,2511,442,2069,0.176,351,2160,0.1398,0.7941,2511,0,1.0,7.1538,241,2270,0.096,0.6866
4504,walrycin,1,1,0,1.0,1,0,1.0,1.0,1,0,1.0,1.0,1,0,1.0,1.0
4505,207019v1,1,1,0,1.0,1,0,1.0,1.0,1,0,1.0,1.0,1,0,1.0,1.0
4506,covid-10,100,0,100,0.0,0,100,0.0,0.0,100,0,1.0,0.0,0,100,0.0,0.0
4507,plpro,100,0,100,0.0,0,100,0.0,0.0,100,0,1.0,0.0,0,100,0.0,0.0
4508,6w9c,100,0,100,0.0,0,100,0.0,0.0,100,0,1.0,0.0,0,100,0.0,0.0
4509,buchwald,15,15,0,1.0,11,4,0.7333,0.7333,15,0,1.0,1.3636,11,4,0.7333,1.0
4510,realdb,8,8,0,1.0,6,2,0.75,0.75,8,0,1.0,1.3333,6,2,0.75,1.0
4511,z1675865540,8,8,0,1.0,6,2,0.75,0.75,8,0,1.0,1.3333,6,2,0.75,1.0
4512,z1848696683,8,8,0,1.0,6,2,0.75,0.75,8,0,1.0,1.3333,6,2,0.75,1.0
4513,en300-238641,8,8,0,1.0,6,2,0.75,0.75,8,0,1.0,1.3333,6,2,0.75,1.0
4514,en300-6778201,8,8,0,1.0,6,2,0.75,0.75,8,0,1.0,1.3333,6,2,0.75,1.0
4515,en300-6786798,8,8,0,1.0,6,2,0.75,0.75,8,0,1.0,1.3333,6,2,0.75,1.0
4516,en300-300425,8,8,0,1.0,6,2,0.75,0.75,8,0,1.0,1.3333,6,2,0.75,1.0
4517,en300-84249,8,8,0,1.0,6,2,0.75,0.75,8,0,1.0,1.3333,6,2,0.75,1.0
4518,edg-med-0da5ad92-5,1,1,0,1.0,1,0,1.0,1.0,1,0,1.0,1.0,1,0,1.0,1.0
4519,ben-dnd-93268d01-8,25,6,19,0.24,6,19,0.24,1.0,25,0,1.0,4.1667,6,19,0.24,1.0
4520,4-hydroxybenzoic,1,0,1,0.0,0,1,0.0,0.0,1,0,1.0,0.0,0,1,0.0,0.0
4521,vitex,1,0,1,0.0,0,1,0.0,0.0,1,0,1.0,0.0,0,1,0.0,0.0
4522,negundo,1,0,1,0.0,0,1,0.0,0.0,1,0,1.0,0.0,0,1,0.0,0.0
4523,monolaurin,1,0,1,0.0,0,1,0.0,0.0,1,0,1.0,0.0,0,1,0.0,0.0
4524,coconut,1,0,1,0.0,0,1,0.0,0.0,1,0,1.0,0.0,0,1,0.0,0.0
4525,nutraingredients-asia,1,0,1,0.0,0,1,0.0,0.0,1,0,1.0,0.0,0,1,0.0,0.0
4526,coconut-and-covid-19-philippines-studying-antiviral-properties-of-coconut-oil-as-potential-treatment,1,0,1,0.0,0,1,0.0,0.0,1,0,1.0,0.0,0,1,0.0,0.0
4527,disentangle,16,1,15,0.0625,1,15,0.0625,1.0,16,0,1.0,16.0,1,15,0.0625,1.0
4528,retroamide,16,1,15,0.0625,1,15,0.0625,1.0,16,0,1.0,16.0,1,15,0.0625,1.0
4529,pharmacological,20,0,20,0.0,0,20,0.0,0.0,20,0,1.0,0.0,0,20,0.0,0.0
4530,chloroaryl,8,0,8,0.0,0,8,0.0,0.0,8,0,1.0,0.0,0,8,0.0,0.0
4531,mojety,8,0,8,0.0,0,8,0.0,0.0,8,0,1.0,0.0,0,8,0.0,0.0
4532,superb,1,0,1,0.0,0,1,0.0,0.0,1,0,1.0,0.0,0,1,0.0,0.0
4533,phenylenediamine,1,0,1,0.0,0,1,0.0,0.0,1,0,1.0,0.0,0,1,0.0,0.0
4534,alp-pos-c59291d4-2,40,1,39,0.025,1,39,0.025,1.0,40,0,1.0,40.0,1,39,0.025,1.0
4535,pemirolast,1,0,1,0.0,0,1,0.0,0.0,1,0,1.0,0.0,0,1,0.0,0.0
4536,potassium,1,0,1,0.0,0,1,0.0,0.0,1,0,1.0,0.0,0,1,0.0,0.0
4537,bye,1,0,1,0.0,0,1,0.0,0.0,1,0,1.0,0.0,0,1,0.0,0.0
4538,ozonide,1,0,1,0.0,0,1,0.0,0.0,1,0,1.0,0.0,0,1,0.0,0.0
4539,sprint,126,34,92,0.2698,10,116,0.0794,0.2941,126,0,1.0,12.6,10,116,0.0794,1.0
4540,atomic,2,1,1,0.5,1,1,0.5,1.0,2,0,1.0,2.0,1,1,0.5,1.0
4541,vendors,77,76,1,0.987,76,1,0.987,1.0,77,0,1.0,1.0132,74,3,0.961,0.9737
4542,some-insect-repellents-could-kill-coronavirus-military-study-shows-12057007,1,0,1,0.0,0,1,0.0,0.0,1,0,1.0,0.0,0,1,0.0,0.0
4543,three-way,3,0,3,0.0,0,3,0.0,0.0,3,0,1.0,0.0,0,3,0.0,0.0
4544,n-acetylpiperidine,3,0,3,0.0,0,3,0.0,0.0,3,0,1.0,0.0,0,3,0.0,0.0
4545,n-acetylpiperidone,3,0,3,0.0,0,3,0.0,0.0,3,0,1.0,0.0,0,3,0.0,0.0
4546,mannich,3,0,3,0.0,0,3,0.0,0.0,3,0,1.0,0.0,0,3,0.0,0.0
4547,gc373,9,0,9,0.0,0,9,0.0,0.0,9,0,1.0,0.0,0,9,0.0,0.0
4548,feline,5,1,4,0.2,1,4,0.2,1.0,5,0,1.0,5.0,1,4,0.2,1.0
4549,decomposition,1,0,1,0.0,0,1,0.0,0.0,1,0,1.0,0.0,0,1,0.0,0.0
4550,gc376,6,1,5,0.1667,1,5,0.1667,1.0,6,0,1.0,6.0,1,5,0.1667,1.0
4551,s41467-020-18096-2,6,1,5,0.1667,1,5,0.1667,1.0,6,0,1.0,6.0,1,5,0.1667,1.0
4552,dimethylamino,29,3,26,0.1034,3,26,0.1034,1.0,29,0,1.0,9.6667,3,26,0.1034,1.0
4553,me2n,3,0,3,0.0,0,3,0.0,0.0,3,0,1.0,0.0,0,3,0.0,0.0
4554,stickier,3,0,3,0.0,0,3,0.0,0.0,3,0,1.0,0.0,0,3,0.0,0.0
4555,h164,4,0,4,0.0,0,4,0.0,0.0,4,0,1.0,0.0,0,4,0.0,0.0
4556,preview,34,0,34,0.0,0,34,0.0,0.0,34,0,1.0,0.0,0,34,0.0,0.0
4557,lon-wei-2e27a2e5-1,7,6,1,0.8571,6,1,0.8571,1.0,7,0,1.0,1.1667,6,1,0.8571,1.0
4558,furan,159,13,146,0.0818,10,149,0.0629,0.7692,159,0,1.0,15.9,10,149,0.0629,1.0
4559,designated,3,0,3,0.0,0,3,0.0,0.0,3,0,1.0,0.0,0,3,0.0,0.0
4560,superdrug2,3,0,3,0.0,0,3,0.0,0.0,3,0,1.0,0.0,0,3,0.0,0.0
4561,diffraction,3,0,3,0.0,0,3,0.0,0.0,3,0,1.0,0.0,0,3,0.0,0.0
4562,plasticity,3,0,3,0.0,0,3,0.0,0.0,3,0,1.0,0.0,0,3,0.0,0.0
4563,unbound,3,0,3,0.0,0,3,0.0,0.0,3,0,1.0,0.0,0,3,0.0,0.0
4564,sekhar,3,0,3,0.0,0,3,0.0,0.0,3,0,1.0,0.0,0,3,0.0,0.0
4565,talluri,3,0,3,0.0,0,3,0.0,0.0,3,0,1.0,0.0,0,3,0.0,0.0
4566,pharmacokinetic,3,0,3,0.0,0,3,0.0,0.0,3,0,1.0,0.0,0,3,0.0,0.0
4567,emerged,1,0,1,0.0,0,1,0.0,0.0,1,0,1.0,0.0,0,1,0.0,0.0
4568,variability,1,0,1,0.0,0,1,0.0,0.0,1,0,1.0,0.0,0,1,0.0,0.0
4569,pertaining,1,0,1,0.0,0,1,0.0,0.0,1,0,1.0,0.0,0,1,0.0,0.0
4570,beclabuvir,1,0,1,0.0,0,1,0.0,0.0,1,0,1.0,0.0,0,1,0.0,0.0
4571,digoxin,1,0,1,0.0,0,1,0.0,0.0,1,0,1.0,0.0,0,1,0.0,0.0
4572,cardiac,1,0,1,0.0,0,1,0.0,0.0,1,0,1.0,0.0,0,1,0.0,0.0
4573,glycoside,1,0,1,0.0,0,1,0.0,0.0,1,0,1.0,0.0,0,1,0.0,0.0
4574,chronic,1,0,1,0.0,0,1,0.0,0.0,1,0,1.0,0.0,0,1,0.0,0.0
4575,atrial,1,0,1,0.0,0,1,0.0,0.0,1,0,1.0,0.0,0,1,0.0,0.0
4576,fibrillation,1,0,1,0.0,0,1,0.0,0.0,1,0,1.0,0.0,0,1,0.0,0.0
4577,arrythmia,1,0,1,0.0,0,1,0.0,0.0,1,0,1.0,0.0,0,1,0.0,0.0
4578,digitoxin,1,0,1,0.0,0,1,0.0,0.0,1,0,1.0,0.0,0,1,0.0,0.0
4579,anti-arrythmic,1,0,1,0.0,0,1,0.0,0.0,1,0,1.0,0.0,0,1,0.0,0.0
4580,proportion,2,0,2,0.0,0,2,0.0,0.0,2,0,1.0,0.0,0,2,0.0,0.0
4581,admitted,1,0,1,0.0,0,1,0.0,0.0,1,0,1.0,0.0,0,1,0.0,0.0
4582,hospitals,1,0,1,0.0,0,1,0.0,0.0,1,0,1.0,0.0,0,1,0.0,0.0
4583,swag,3,0,3,0.0,0,3,0.0,0.0,3,0,1.0,0.0,0,3,0.0,0.0
4584,benztriazole,8,0,8,0.0,0,8,0.0,0.0,8,0,1.0,0.0,0,8,0.0,0.0
4585,embedded,8,0,8,0.0,0,8,0.0,0.0,8,0,1.0,0.0,0,8,0.0,0.0
4586,4-dianiline,20,6,14,0.3,5,15,0.25,0.8333,20,0,1.0,4.0,5,15,0.25,1.0
4587,somewhat,8,0,8,0.0,0,8,0.0,0.0,8,0,1.0,0.0,0,8,0.0,0.0
4588,risky,9,1,8,0.1111,1,8,0.1111,1.0,9,0,1.0,9.0,1,8,0.1111,1.0
4589,aminopyridyls,8,0,8,0.0,0,8,0.0,0.0,8,0,1.0,0.0,0,8,0.0,0.0
4590,gtoup,8,0,8,0.0,0,8,0.0,0.0,8,0,1.0,0.0,0,8,0.0,0.0
4591,propellane,1,1,0,1.0,0,1,0.0,0.0,1,0,1.0,0.0,0,1,0.0,0.0
4592,prioritization,16,1,15,0.0625,0,16,0.0,0.0,16,0,1.0,0.0,0,16,0.0,0.0
4593,bbwent,1,1,0,1.0,0,1,0.0,0.0,1,0,1.0,0.0,0,1,0.0,0.0
4594,shorter,14,2,12,0.1429,2,12,0.1429,1.0,14,0,1.0,7.0,2,12,0.1429,1.0
4595,vla-ucb-1dbca3b4-15,103,27,76,0.2621,25,78,0.2427,0.9259,103,0,1.0,4.12,25,78,0.2427,1.0
4596,confirmatory,5,5,0,1.0,5,0,1.0,1.0,5,0,1.0,1.0,5,0,1.0,1.0
4597,stories,4,4,0,1.0,4,0,1.0,1.0,4,0,1.0,1.0,4,0,1.0,1.0
4598,mat-pos-590ac91e-16,1,1,0,1.0,1,0,1.0,1.0,1,0,1.0,1.0,1,0,1.0,1.0
4599,mpro-x10942,13,7,6,0.5385,7,6,0.5385,1.0,13,0,1.0,1.8571,7,6,0.5385,1.0
4600,guidance,13,7,6,0.5385,7,6,0.5385,1.0,13,0,1.0,1.8571,7,6,0.5385,1.0
4601,vla-ucb-1dbca3b4-14,13,7,6,0.5385,7,6,0.5385,1.0,13,0,1.0,1.8571,7,6,0.5385,1.0
4602,mik-new-7f99bfc4-1,13,7,6,0.5385,7,6,0.5385,1.0,13,0,1.0,1.8571,7,6,0.5385,1.0
4603,bar-com-ace1b61b-3,13,7,6,0.5385,7,6,0.5385,1.0,13,0,1.0,1.8571,7,6,0.5385,1.0
4604,bar-com-ace1b61b-2,13,7,6,0.5385,7,6,0.5385,1.0,13,0,1.0,1.8571,7,6,0.5385,1.0
4605,bar-com-ace1b61b-1,13,7,6,0.5385,7,6,0.5385,1.0,13,0,1.0,1.8571,7,6,0.5385,1.0
4606,jan-ghe-299e5c7e-4,13,7,6,0.5385,7,6,0.5385,1.0,13,0,1.0,1.8571,7,6,0.5385,1.0
4607,mat-pos-e478a234-1,13,7,6,0.5385,7,6,0.5385,1.0,13,0,1.0,1.8571,7,6,0.5385,1.0
4608,ral-tha-f8a0f917-3,15,7,8,0.4667,7,8,0.4667,1.0,15,0,1.0,2.1429,7,8,0.4667,1.0
4609,ral-tha-f8a0f917-2,13,7,6,0.5385,7,6,0.5385,1.0,13,0,1.0,1.8571,7,6,0.5385,1.0
4610,ral-tha-f8a0f917-1,13,7,6,0.5385,7,6,0.5385,1.0,13,0,1.0,1.8571,7,6,0.5385,1.0
4611,edg-med-4b32601a-1,13,7,6,0.5385,7,6,0.5385,1.0,13,0,1.0,1.8571,7,6,0.5385,1.0
4612,edg-med-fe7487f8-2,13,7,6,0.5385,7,6,0.5385,1.0,13,0,1.0,1.8571,7,6,0.5385,1.0
4613,nau-lat-8502cac5-3,13,7,6,0.5385,7,6,0.5385,1.0,13,0,1.0,1.8571,7,6,0.5385,1.0
4614,db06803,1,1,0,1.0,1,0,1.0,1.0,1,0,1.0,1.0,0,1,0.0,0.0
4615,3-aminoquinoline,12,2,10,0.1667,2,10,0.1667,1.0,12,0,1.0,6.0,2,10,0.1667,1.0
4616,methylsulfonyl,14,2,12,0.1429,2,12,0.1429,1.0,14,0,1.0,7.0,2,12,0.1429,1.0
4617,concave,6,2,4,0.3333,2,4,0.3333,1.0,6,0,1.0,3.0,2,4,0.3333,1.0
4618,aar-pos-d2a4d1df-2,42,12,30,0.2857,12,30,0.2857,1.0,42,0,1.0,3.5,12,30,0.2857,1.0
4619,pyrroldine,1,0,1,0.0,0,1,0.0,0.0,1,0,1.0,0.0,0,1,0.0,0.0
4620,lor-nor-30067bb9-18,1,0,1,0.0,0,1,0.0,0.0,1,0,1.0,0.0,0,1,0.0,0.0
4621,edj-med-e4b030d8-8,3,1,2,0.3333,1,2,0.3333,1.0,3,0,1.0,3.0,1,2,0.3333,1.0
4622,try-uni-714a760b-3,6,5,1,0.8333,4,2,0.6667,0.8,6,0,1.0,1.5,4,2,0.6667,1.0
4623,edj-med-a364e151-1,1,1,0,1.0,1,0,1.0,1.0,1,0,1.0,1.0,1,0,1.0,1.0
4624,aar-pos-8a4e0f60-7,1,0,1,0.0,0,1,0.0,0.0,1,0,1.0,0.0,0,1,0.0,0.0
4625,edj-med-e4b030d8-12,2,2,0,1.0,2,0,1.0,1.0,2,0,1.0,1.0,2,0,1.0,1.0
4626,edj-med-e4b030d8-13,32,3,29,0.0938,2,30,0.0625,0.6667,32,0,1.0,16.0,2,30,0.0625,1.0
4627,strictures,1,1,0,1.0,1,0,1.0,1.0,1,0,1.0,1.0,1,0,1.0,1.0
4628,cystallographic,5,1,4,0.2,1,4,0.2,1.0,5,0,1.0,5.0,1,4,0.2,1.0
4629,regioisomer,12,11,1,0.9167,11,1,0.9167,1.0,12,0,1.0,1.0909,11,1,0.9167,1.0
4630,mat-pos-afd4d4fd-2,1,1,0,1.0,1,0,1.0,1.0,1,0,1.0,1.0,1,0,1.0,1.0
4631,solvent-exposed,1,1,0,1.0,1,0,1.0,1.0,1,0,1.0,1.0,1,0,1.0,1.0
4632,aza-substitution,32,3,29,0.0938,2,30,0.0625,0.6667,32,0,1.0,16.0,2,30,0.0625,1.0
4633,edj-med-c314995a-1,9,2,7,0.2222,2,7,0.2222,1.0,9,0,1.0,4.5,2,7,0.2222,1.0
4634,cho-msk-6e55470f-24,2,2,0,1.0,2,0,1.0,1.0,2,0,1.0,1.0,2,0,1.0,1.0
4635,alp-pos-ddb41b15-4,5,0,5,0.0,0,5,0.0,0.0,5,0,1.0,0.0,0,5,0.0,0.0
4636,edj-med-6af13d92-3,14,5,9,0.3571,4,10,0.2857,0.8,14,0,1.0,3.5,4,10,0.2857,1.0
4637,lsd,1,0,1,0.0,0,1,0.0,0.0,1,0,1.0,0.0,0,1,0.0,0.0
4638,everything,25,0,25,0.0,0,25,0.0,0.0,25,0,1.0,0.0,0,25,0.0,0.0
4639,edj-med-e4b030d8-11,28,7,21,0.25,7,21,0.25,1.0,28,0,1.0,4.0,7,21,0.25,1.0
4640,edj-med-e4b030d8-2,7,5,2,0.7143,5,2,0.7143,1.0,7,0,1.0,1.4,5,2,0.7143,1.0
4641,edj-med-e4b030d8-3,7,5,2,0.7143,5,2,0.7143,1.0,7,0,1.0,1.4,5,2,0.7143,1.0
4642,mpro-10789,3,1,2,0.3333,1,2,0.3333,1.0,3,0,1.0,3.0,1,2,0.3333,1.0
4643,prefer,145,34,111,0.2345,22,123,0.1517,0.6471,145,0,1.0,6.5909,22,123,0.1517,1.0
4644,metabolically,36,9,27,0.25,9,27,0.25,1.0,36,0,1.0,4.0,7,29,0.1944,0.7778
4645,calcifediol,2,0,2,0.0,0,2,0.0,0.0,2,0,1.0,0.0,0,2,0.0,0.0
4646,isomeric,1,0,1,0.0,0,1,0.0,0.0,1,0,1.0,0.0,0,1,0.0,0.0
4647,diaxial,1,1,0,1.0,1,0,1.0,1.0,1,0,1.0,1.0,1,0,1.0,1.0
4648,stereochem,78,55,23,0.7051,54,24,0.6923,0.9818,78,0,1.0,1.4444,53,25,0.6795,0.9815
4649,absolute,1,1,0,1.0,1,0,1.0,1.0,1,0,1.0,1.0,1,0,1.0,1.0
4650,azetidine,13,1,12,0.0769,0,13,0.0,0.0,13,0,1.0,0.0,0,13,0.0,0.0
4651,alp-pos-3b848b35-2,25,2,23,0.08,1,24,0.04,0.5,25,0,1.0,25.0,1,24,0.04,1.0
4652,neutral,40,3,37,0.075,2,38,0.05,0.6667,40,0,1.0,20.0,2,38,0.05,1.0
4653,alp-pos-a3de0cd1-4,2,2,0,1.0,1,1,0.5,0.5,2,0,1.0,2.0,1,1,0.5,1.0
4654,proving,53,4,49,0.0755,3,50,0.0566,0.75,53,0,1.0,17.6667,3,50,0.0566,1.0
4655,anti-coronavirus,56,0,56,0.0,0,56,0.0,0.0,56,0,1.0,0.0,0,56,0.0,0.0
4656,microbiology,56,0,56,0.0,0,56,0.0,0.0,56,0,1.0,0.0,0,56,0.0,0.0
4657,parasitology,56,0,56,0.0,0,56,0.0,0.0,56,0,1.0,0.0,0,56,0.0,0.0
4658,hygiene,56,0,56,0.0,0,56,0.0,0.0,56,0,1.0,0.0,0,56,0.0,0.0
4659,lmph,56,0,56,0.0,0,56,0.0,0.0,56,0,1.0,0.0,0,56,0.0,0.0
4660,antwerp,56,0,56,0.0,0,56,0.0,0.0,56,0,1.0,0.0,0,56,0.0,0.0
4661,belgium,56,0,56,0.0,0,56,0.0,0.0,56,0,1.0,0.0,0,56,0.0,0.0
4662,intracellular,56,0,56,0.0,0,56,0.0,0.0,56,0,1.0,0.0,0,56,0.0,0.0
4663,amastigotes,56,0,56,0.0,0,56,0.0,0.0,56,0,1.0,0.0,0,56,0.0,0.0
4664,infantum,56,0,56,0.0,0,56,0.0,0.0,56,0,1.0,0.0,0,56,0.0,0.0
4665,cruzi,57,0,57,0.0,0,57,0.0,0.0,57,0,1.0,0.0,0,57,0.0,0.0
4666,chloroquine-resistant,56,0,56,0.0,0,56,0.0,0.0,56,0,1.0,0.0,0,56,0.0,0.0
4667,falciparum,56,0,56,0.0,0,56,0.0,0.0,56,0,1.0,0.0,0,56,0.0,0.0
4668,trypomastigotes,56,0,56,0.0,0,56,0.0,0.0,56,0,1.0,0.0,0,56,0.0,0.0
4669,brucei,56,0,56,0.0,0,56,0.0,0.0,56,0,1.0,0.0,0,56,0.0,0.0
4670,chlorophenol,4,0,4,0.0,0,4,0.0,0.0,4,0,1.0,0.0,0,4,0.0,0.0
4671,vla,233,49,184,0.2103,33,200,0.1416,0.6735,233,0,1.0,7.0606,33,200,0.1416,1.0
4672,vla-ucb-05e51b3f-15,30,0,30,0.0,0,30,0.0,0.0,30,0,1.0,0.0,0,30,0.0,0.0
4673,try-uni-2eddb1ff,109,29,80,0.2661,21,88,0.1927,0.7241,109,0,1.0,5.1905,20,89,0.1835,0.9524
4674,ral-med-2de63afb-2,1,0,1,0.0,0,1,0.0,0.0,1,0,1.0,0.0,0,1,0.0,0.0
4675,fra-dia-b66f7109,4,0,4,0.0,0,4,0.0,0.0,4,0,1.0,0.0,0,4,0.0,0.0
4676,betalactam,4,0,4,0.0,0,4,0.0,0.0,4,0,1.0,0.0,0,4,0.0,0.0
4677,leaving,4,0,4,0.0,0,4,0.0,0.0,4,0,1.0,0.0,0,4,0.0,0.0
4678,g166,5,1,4,0.2,1,4,0.2,1.0,5,0,1.0,5.0,1,4,0.2,1.0
4679,mar-ucb-f313ec4d-1,5,1,4,0.2,1,4,0.2,1.0,5,0,1.0,5.0,1,4,0.2,1.0
4680,slack,4,0,4,0.0,0,4,0.0,0.0,4,0,1.0,0.0,0,4,0.0,0.0
4681,ditto,4,0,4,0.0,0,4,0.0,0.0,4,0,1.0,0.0,0,4,0.0,0.0
4682,front-runner,1,1,0,1.0,1,0,1.0,1.0,1,0,1.0,1.0,1,0,1.0,1.0
4683,reverse-amide-quinolone,5,1,4,0.2,1,4,0.2,1.0,5,0,1.0,5.0,1,4,0.2,1.0
4684,fra-dia-0fa076fe-3,1,1,0,1.0,1,0,1.0,1.0,1,0,1.0,1.0,1,0,1.0,1.0
4685,accomodate,2,0,2,0.0,0,2,0.0,0.0,2,0,1.0,0.0,0,2,0.0,0.0
4686,quinuclidine,2,0,2,0.0,0,2,0.0,0.0,2,0,1.0,0.0,0,2,0.0,0.0
4687,azaadamantane,2,0,2,0.0,0,2,0.0,0.0,2,0,1.0,0.0,0,2,0.0,0.0
4688,mic-unk-13557a72,2,0,2,0.0,0,2,0.0,0.0,2,0,1.0,0.0,0,2,0.0,0.0
4689,c-linked,2,0,2,0.0,0,2,0.0,0.0,2,0,1.0,0.0,0,2,0.0,0.0
4690,crystallographically-observed,2,0,2,0.0,0,2,0.0,0.0,2,0,1.0,0.0,0,2,0.0,0.0
4691,ionized,2,0,2,0.0,0,2,0.0,0.0,2,0,1.0,0.0,0,2,0.0,0.0
4692,counter,92,11,81,0.1196,9,83,0.0978,0.8182,92,0,1.0,10.2222,7,85,0.0761,0.7778
4693,pet-unk-c5865d42-2,4,0,4,0.0,0,4,0.0,0.0,4,0,1.0,0.0,0,4,0.0,0.0
4694,fluorinated,11,0,11,0.0,0,11,0.0,0.0,11,0,1.0,0.0,0,11,0.0,0.0
4695,ben-dnd-93268d01,52,7,45,0.1346,7,45,0.1346,1.0,52,0,1.0,7.4286,7,45,0.1346,1.0
4696,pwkenny,59,1,58,0.0169,1,58,0.0169,1.0,59,0,1.0,59.0,1,58,0.0169,1.0
4697,joe,37,1,36,0.027,1,36,0.027,1.0,37,0,1.0,37.0,1,36,0.027,1.0
4698,moduéating,4,0,4,0.0,0,4,0.0,0.0,4,0,1.0,0.0,0,4,0.0,0.0
4699,en300-255824,19,19,0,1.0,15,4,0.7895,0.7895,19,0,1.0,1.2667,13,6,0.6842,0.8667
4700,en300-157847,19,19,0,1.0,15,4,0.7895,0.7895,19,0,1.0,1.2667,13,6,0.6842,0.8667
4701,en300-171971,19,19,0,1.0,15,4,0.7895,0.7895,19,0,1.0,1.2667,13,6,0.6842,0.8667
4702,en300-68582,19,19,0,1.0,15,4,0.7895,0.7895,19,0,1.0,1.2667,13,6,0.6842,0.8667
4703,en300-54133,19,19,0,1.0,15,4,0.7895,0.7895,19,0,1.0,1.2667,13,6,0.6842,0.8667
4704,en300-02352,19,19,0,1.0,15,4,0.7895,0.7895,19,0,1.0,1.2667,13,6,0.6842,0.8667
4705,en300-2008069,19,19,0,1.0,15,4,0.7895,0.7895,19,0,1.0,1.2667,13,6,0.6842,0.8667
4706,en300-119787,19,19,0,1.0,15,4,0.7895,0.7895,19,0,1.0,1.2667,13,6,0.6842,0.8667
4707,en300-100294,19,19,0,1.0,15,4,0.7895,0.7895,19,0,1.0,1.2667,13,6,0.6842,0.8667
4708,en300-190454,19,19,0,1.0,15,4,0.7895,0.7895,19,0,1.0,1.2667,13,6,0.6842,0.8667
4709,en300-219377,19,19,0,1.0,15,4,0.7895,0.7895,19,0,1.0,1.2667,13,6,0.6842,0.8667
4710,en300-185691,19,19,0,1.0,15,4,0.7895,0.7895,19,0,1.0,1.2667,13,6,0.6842,0.8667
4711,en300-28544,19,19,0,1.0,15,4,0.7895,0.7895,19,0,1.0,1.2667,13,6,0.6842,0.8667
4712,en300-76965,19,19,0,1.0,15,4,0.7895,0.7895,19,0,1.0,1.2667,13,6,0.6842,0.8667
4713,en300-1709231,19,19,0,1.0,15,4,0.7895,0.7895,19,0,1.0,1.2667,13,6,0.6842,0.8667
4714,en300-116159,19,19,0,1.0,15,4,0.7895,0.7895,19,0,1.0,1.2667,13,6,0.6842,0.8667
4715,en300-228971,19,19,0,1.0,15,4,0.7895,0.7895,19,0,1.0,1.2667,13,6,0.6842,0.8667
4716,annulation,10,0,10,0.0,0,10,0.0,0.0,10,0,1.0,0.0,0,10,0.0,0.0
4717,vla-ucb-50c39ae8-3,1,0,1,0.0,0,1,0.0,0.0,1,0,1.0,0.0,0,1,0.0,0.0
4718,g143,10,0,10,0.0,0,10,0.0,0.0,10,0,1.0,0.0,0,10,0.0,0.0
4719,prototype,24,1,23,0.0417,1,23,0.0417,1.0,24,0,1.0,24.0,1,23,0.0417,1.0
4720,accompanies,1,0,1,0.0,0,1,0.0,0.0,1,0,1.0,0.0,0,1,0.0,0.0
4721,hydantoin,12,1,11,0.0833,1,11,0.0833,1.0,12,0,1.0,12.0,1,11,0.0833,1.0
4722,detail,675,37,638,0.0548,13,662,0.0193,0.3514,675,0,1.0,51.9231,9,666,0.0133,0.6923
4723,bicycloaromatic,17,17,0,1.0,14,3,0.8235,0.8235,17,0,1.0,1.2143,14,3,0.8235,1.0
4724,heer,18,17,1,0.9444,14,4,0.7778,0.8235,18,0,1.0,1.2857,14,4,0.7778,1.0
4725,jag-ucb-52b62a6f,19,18,1,0.9474,15,4,0.7895,0.8333,19,0,1.0,1.2667,15,4,0.7895,1.0
4726,ral-tha-6b94ceba,16,4,12,0.25,4,12,0.25,1.0,16,0,1.0,4.0,4,12,0.25,1.0
4727,pet-unk-8df914d1-2,33,10,23,0.303,9,24,0.2727,0.9,33,0,1.0,3.6667,9,24,0.2727,1.0
4728,scenario,21,1,20,0.0476,1,20,0.0476,1.0,21,0,1.0,21.0,1,20,0.0476,1.0
4729,repulsion,1,1,0,1.0,1,0,1.0,1.0,1,0,1.0,1.0,1,0,1.0,1.0
4730,axis,1,1,0,1.0,1,0,1.0,1.0,1,0,1.0,1.0,1,0,1.0,1.0
4731,fra-dia-0fa076fe-1,1,1,0,1.0,1,0,1.0,1.0,1,0,1.0,1.0,1,0,1.0,1.0
4732,separation,7,7,0,1.0,7,0,1.0,1.0,7,0,1.0,1.0,7,0,1.0,1.0
4733,aiddt,10,0,10,0.0,0,10,0.0,0.0,10,0,1.0,0.0,0,10,0.0,0.0
4734,how-it-works,10,0,10,0.0,0,10,0.0,0.0,10,0,1.0,0.0,0,10,0.0,0.0
4735,bacterium,1,0,1,0.0,0,1,0.0,0.0,1,0,1.0,0.0,0,1,0.0,0.0
4736,dehydroamino,1,0,1,0.0,0,1,0.0,0.0,1,0,1.0,0.0,0,1,0.0,0.0
4737,swiss,64,0,64,0.0,0,64,0.0,0.0,64,0,1.0,0.0,0,64,0.0,0.0
4738,website,2,0,2,0.0,0,2,0.0,0.0,2,0,1.0,0.0,0,2,0.0,0.0
4739,3-cyano,1,0,1,0.0,0,1,0.0,0.0,1,0,1.0,0.0,0,1,0.0,0.0
4740,t-buthyl,1,0,1,0.0,0,1,0.0,0.0,1,0,1.0,0.0,0,1,0.0,0.0
4741,32um,1,0,1,0.0,0,1,0.0,0.0,1,0,1.0,0.0,0,1,0.0,0.0
4742,cleavage,34,4,30,0.1176,0,34,0.0,0.0,34,0,1.0,0.0,0,34,0.0,0.0
4743,fluorogenic,3,0,3,0.0,0,3,0.0,0.0,3,0,1.0,0.0,0,3,0.0,0.0
4744,removal,1,0,1,0.0,0,1,0.0,0.0,1,0,1.0,0.0,0,1,0.0,0.0
4745,t-butyl,18,0,18,0.0,0,18,0.0,0.0,18,0,1.0,0.0,0,18,0.0,0.0
4746,plenty,1,0,1,0.0,0,1,0.0,0.0,1,0,1.0,0.0,0,1,0.0,0.0
4747,raw,277,14,263,0.0505,11,266,0.0397,0.7857,277,0,1.0,25.1818,9,268,0.0325,0.8182
4748,quinolone-like,2,0,2,0.0,0,2,0.0,0.0,2,0,1.0,0.0,0,2,0.0,0.0
4749,tho,1585,212,1373,0.1338,150,1435,0.0946,0.7075,1585,0,1.0,10.5667,81,1504,0.0511,0.54
4750,abolishes,2,0,2,0.0,0,2,0.0,0.0,2,0,1.0,0.0,0,2,0.0,0.0
4751,extremely,12,0,12,0.0,0,12,0.0,0.0,12,0,1.0,0.0,0,12,0.0,0.0
4752,unreactive,2,0,2,0.0,0,2,0.0,0.0,2,0,1.0,0.0,0,2,0.0,0.0
4753,enone,25,0,25,0.0,0,25,0.0,0.0,25,0,1.0,0.0,0,25,0.0,0.0
4754,pet-unk-1901c25b-1,8,2,6,0.25,2,6,0.25,1.0,8,0,1.0,4.0,2,6,0.25,1.0
4755,250nm,1,0,1,0.0,0,1,0.0,0.0,1,0,1.0,0.0,0,1,0.0,0.0
4756,vla-ucb-05e51b3f-14,2,2,0,1.0,2,0,1.0,1.0,2,0,1.0,1.0,2,0,1.0,1.0
4757,z2241125877,2,2,0,1.0,2,0,1.0,1.0,2,0,1.0,1.0,2,0,1.0,1.0
4758,en300-300934,2,2,0,1.0,2,0,1.0,1.0,2,0,1.0,1.0,2,0,1.0,1.0
4759,en300-09817,2,2,0,1.0,2,0,1.0,1.0,2,0,1.0,1.0,2,0,1.0,1.0
4760,280nm,2,0,2,0.0,0,2,0.0,0.0,2,0,1.0,0.0,0,2,0.0,0.0
4761,dimethylaniline,2,0,2,0.0,0,2,0.0,0.0,2,0,1.0,0.0,0,2,0.0,0.0
4762,140nm,2,0,2,0.0,0,2,0.0,0.0,2,0,1.0,0.0,0,2,0.0,0.0
4763,mat-pos-b3e365b9-2,2,0,2,0.0,0,2,0.0,0.0,2,0,1.0,0.0,0,2,0.0,0.0
4764,260nm,2,0,2,0.0,0,2,0.0,0.0,2,0,1.0,0.0,0,2,0.0,0.0
4765,greasy,2,0,2,0.0,0,2,0.0,0.0,2,0,1.0,0.0,0,2,0.0,0.0
4766,super,301,65,236,0.2159,39,262,0.1296,0.6,301,0,1.0,7.7179,16,285,0.0532,0.4103
4767,chromane,103,16,87,0.1553,12,91,0.1165,0.75,103,0,1.0,8.5833,11,92,0.1068,0.9167
4768,recycled,6,6,0,1.0,6,0,1.0,1.0,6,0,1.0,1.0,6,0,1.0,1.0
4769,pyrosetta,1,0,1,0.0,0,1,0.0,0.0,1,0,1.0,0.0,0,1,0.0,0.0
4770,grooves,2,0,2,0.0,0,2,0.0,0.0,2,0,1.0,0.0,0,2,0.0,0.0
4771,autodocvina,1,0,1,0.0,0,1,0.0,0.0,1,0,1.0,0.0,0,1,0.0,0.0
4772,6m2n,1,0,1,0.0,0,1,0.0,0.0,1,0,1.0,0.0,0,1,0.0,0.0
4773,met16,19,0,19,0.0,0,19,0.0,0.0,19,0,1.0,0.0,0,19,0.0,0.0
4774,autodoc,318,13,305,0.0409,8,310,0.0252,0.6154,318,0,1.0,39.75,2,316,0.0063,0.25
4775,7buy,1,0,1,0.0,0,1,0.0,0.0,1,0,1.0,0.0,0,1,0.0,0.0
4776,met40,1,0,1,0.0,0,1,0.0,0.0,1,0,1.0,0.0,0,1,0.0,0.0
4777,leu141,1,0,1,0.0,0,1,0.0,0.0,1,0,1.0,0.0,0,1,0.0,0.0
4778,auto,3327,24,3303,0.0072,16,3311,0.0048,0.6667,3327,0,1.0,207.9375,4,3323,0.0012,0.25
4779,composed,2,0,2,0.0,0,2,0.0,0.0,2,0,1.0,0.0,0,2,0.0,0.0
4780,delta,125,3,122,0.024,0,125,0.0,0.0,125,0,1.0,0.0,0,125,0.0,0.0
4781,lor-nor-30067bb9,8,7,1,0.875,7,1,0.875,1.0,8,0,1.0,1.1429,6,2,0.75,0.8571
4782,z229837880,6,6,0,1.0,6,0,1.0,1.0,6,0,1.0,1.0,6,0,1.0,1.0
4783,neu-0006911,6,6,0,1.0,6,0,1.0,1.0,6,0,1.0,1.0,6,0,1.0,1.0
4784,z56793418,6,6,0,1.0,6,0,1.0,1.0,6,0,1.0,1.0,6,0,1.0,1.0
4785,neu-0006912,6,6,0,1.0,6,0,1.0,1.0,6,0,1.0,1.0,6,0,1.0,1.0
4786,z330905748,6,6,0,1.0,6,0,1.0,1.0,6,0,1.0,1.0,6,0,1.0,1.0
4787,neu-0006913,6,6,0,1.0,6,0,1.0,1.0,6,0,1.0,1.0,6,0,1.0,1.0
4788,z111504232,6,6,0,1.0,6,0,1.0,1.0,6,0,1.0,1.0,6,0,1.0,1.0
4789,neu-0006914,6,6,0,1.0,6,0,1.0,1.0,6,0,1.0,1.0,6,0,1.0,1.0
4790,z324552784,6,6,0,1.0,6,0,1.0,1.0,6,0,1.0,1.0,6,0,1.0,1.0
4791,neu-0006915,6,6,0,1.0,6,0,1.0,1.0,6,0,1.0,1.0,6,0,1.0,1.0
4792,z352251436,6,6,0,1.0,6,0,1.0,1.0,6,0,1.0,1.0,6,0,1.0,1.0
4793,neu-0006916,6,6,0,1.0,6,0,1.0,1.0,6,0,1.0,1.0,6,0,1.0,1.0
4794,inter,5357,276,5081,0.0515,200,5157,0.0373,0.7246,5357,0,1.0,26.785,137,5220,0.0256,0.685
4795,intra,149,3,146,0.0201,3,146,0.0201,1.0,149,0,1.0,49.6667,3,146,0.0201,1.0
4796,deviation,10,1,9,0.1,1,9,0.1,1.0,10,0,1.0,10.0,1,9,0.1,1.0
4797,00-0,55,45,10,0.8182,41,14,0.7455,0.9111,55,0,1.0,1.3415,39,16,0.7091,0.9512
4798,cyanogen,1,0,1,0.0,0,1,0.0,0.0,1,0,1.0,0.0,0,1,0.0,0.0
4799,transform,397,7,390,0.0176,2,395,0.005,0.2857,397,0,1.0,198.5,2,395,0.005,1.0
4800,pet-unk-abc197b8-1,13,0,13,0.0,0,13,0.0,0.0,13,0,1.0,0.0,0,13,0.0,0.0
4801,isolatable,6,4,2,0.6667,4,2,0.6667,1.0,6,0,1.0,1.5,4,2,0.6667,1.0
4802,mat-pos-f2460aef-1,28,1,27,0.0357,1,27,0.0357,1.0,28,0,1.0,28.0,1,27,0.0357,1.0
4803,isoquinoninyl,2,0,2,0.0,0,2,0.0,0.0,2,0,1.0,0.0,0,2,0.0,0.0
4804,furanoyl,2,1,1,0.5,1,1,0.5,1.0,2,0,1.0,2.0,1,1,0.5,1.0
4805,equipotent,64,3,61,0.0469,1,63,0.0156,0.3333,64,0,1.0,64.0,1,63,0.0156,1.0
4806,ing,13434,1898,11536,0.1413,1506,11928,0.1121,0.7935,13434,0,1.0,8.9203,950,12484,0.0707,0.6308
4807,electrophlic,2,1,1,0.5,1,1,0.5,1.0,2,0,1.0,2.0,1,1,0.5,1.0
4808,butynamide,2,1,1,0.5,1,1,0.5,1.0,2,0,1.0,2.0,1,1,0.5,1.0
4809,aryl-chloride,1,0,1,0.0,0,1,0.0,0.0,1,0,1.0,0.0,0,1,0.0,0.0
4810,mat-pos-b3e365b9-1,202,14,188,0.0693,12,190,0.0594,0.8571,202,0,1.0,16.8333,12,190,0.0594,1.0
4811,lon-wei-adc59df6-26,1,0,1,0.0,0,1,0.0,0.0,1,0,1.0,0.0,0,1,0.0,0.0
4812,classified,1,0,1,0.0,0,1,0.0,0.0,1,0,1.0,0.0,0,1,0.0,0.0
4813,halide,34,23,11,0.6765,23,11,0.6765,1.0,34,0,1.0,1.4783,23,11,0.6765,1.0
4814,pau-wei-ca14c437,1,0,1,0.0,0,1,0.0,0.0,1,0,1.0,0.0,0,1,0.0,0.0
4815,examination,1,0,1,0.0,0,1,0.0,0.0,1,0,1.0,0.0,0,1,0.0,0.0
4816,nch2ch2-,1,0,1,0.0,0,1,0.0,0.0,1,0,1.0,0.0,0,1,0.0,0.0
4817,noch2,1,0,1,0.0,0,1,0.0,0.0,1,0,1.0,0.0,0,1,0.0,0.0
4818,cambridge,4,0,4,0.0,0,4,0.0,0.0,4,0,1.0,0.0,0,4,0.0,0.0
4819,csd,11,5,6,0.4545,3,8,0.2727,0.6,11,0,1.0,3.6667,3,8,0.2727,1.0
4820,squaramide,13,0,13,0.0,0,13,0.0,0.0,13,0,1.0,0.0,0,13,0.0,0.0
4821,bioisoteric,9,0,9,0.0,0,9,0.0,0.0,9,0,1.0,0.0,0,9,0.0,0.0
4822,nonpolar,24,0,24,0.0,0,24,0.0,0.0,24,0,1.0,0.0,0,24,0.0,0.0
4823,former,412,2,410,0.0049,1,411,0.0024,0.5,412,0,1.0,412.0,0,412,0.0,0.0
4824,mistaken,9,0,9,0.0,0,9,0.0,0.0,9,0,1.0,0.0,0,9,0.0,0.0
4825,aminoisoquinoine,9,0,9,0.0,0,9,0.0,0.0,9,0,1.0,0.0,0,9,0.0,0.0
4826,t-butylphenyl,9,0,9,0.0,0,9,0.0,0.0,9,0,1.0,0.0,0,9,0.0,0.0
4827,unlike,30,1,29,0.0333,1,29,0.0333,1.0,30,0,1.0,30.0,0,30,0.0,0.0
4828,m-chlorobenzylamine,9,0,9,0.0,0,9,0.0,0.0,9,0,1.0,0.0,0,9,0.0,0.0
4829,nir-wei-f9286bb6-2,9,0,9,0.0,0,9,0.0,0.0,9,0,1.0,0.0,0,9,0.0,0.0
4830,mat-pos-c0143b99-1,9,0,9,0.0,0,9,0.0,0.0,9,0,1.0,0.0,0,9,0.0,0.0
4831,5-8,65,9,56,0.1385,2,63,0.0308,0.2222,65,0,1.0,32.5,1,64,0.0154,0.5
4832,6ynq,2,0,2,0.0,0,2,0.0,0.0,2,0,1.0,0.0,0,2,0.0,0.0
4833,managing,7,4,3,0.5714,4,3,0.5714,1.0,7,0,1.0,1.75,4,3,0.5714,1.0
4834,lipofilicity,14,5,9,0.3571,4,10,0.2857,0.8,14,0,1.0,3.5,4,10,0.2857,1.0
4835,aminoheterocycles,28,1,27,0.0357,1,27,0.0357,1.0,28,0,1.0,28.0,1,27,0.0357,1.0
4836,oleg,30,11,19,0.3667,4,26,0.1333,0.3636,30,0,1.0,7.5,0,30,0.0,0.0
4837,michurin,5,0,5,0.0,0,5,0.0,0.0,5,0,1.0,0.0,0,5,0.0,0.0
4838,inversion,1,0,1,0.0,0,1,0.0,0.0,1,0,1.0,0.0,0,1,0.0,0.0
4839,geometrical,4,1,3,0.25,1,3,0.25,1.0,4,0,1.0,4.0,0,4,0.0,0.0
4840,edj-med-e4b030d8,67,12,55,0.1791,11,56,0.1642,0.9167,67,0,1.0,6.0909,11,56,0.1642,1.0
4841,acetal,7,0,7,0.0,0,7,0.0,0.0,7,0,1.0,0.0,0,7,0.0,0.0
4842,acyclic,7,0,7,0.0,0,7,0.0,0.0,7,0,1.0,0.0,0,7,0.0,0.0
4843,diol,5,0,5,0.0,0,5,0.0,0.0,5,0,1.0,0.0,0,5,0.0,0.0
4844,pfizer,8,0,8,0.0,0,8,0.0,0.0,8,0,1.0,0.0,0,8,0.0,0.0
4845,sglt2,2,0,2,0.0,0,2,0.0,0.0,2,0,1.0,0.0,0,2,0.0,0.0
4846,ertugliflozin,2,0,2,0.0,0,2,0.0,0.0,2,0,1.0,0.0,0,2,0.0,0.0
4847,cl--,1,0,1,0.0,0,1,0.0,0.0,1,0,1.0,0.0,0,1,0.0,0.0
4848,cheaper,10,0,10,0.0,0,10,0.0,0.0,10,0,1.0,0.0,0,10,0.0,0.0
4849,longer-chain,10,0,10,0.0,0,10,0.0,0.0,10,0,1.0,0.0,0,10,0.0,0.0
4850,homologues,10,0,10,0.0,0,10,0.0,0.0,10,0,1.0,0.0,0,10,0.0,0.0
4851,jag-ucb-52b62a6f-9,2,1,1,0.5,1,1,0.5,1.0,2,0,1.0,2.0,1,1,0.5,1.0
4852,jag-ucb-52b62a6f-12,2,1,1,0.5,1,1,0.5,1.0,2,0,1.0,2.0,1,1,0.5,1.0
4853,stiffer,13,0,13,0.0,0,13,0.0,0.0,13,0,1.0,0.0,0,13,0.0,0.0
4854,baseline,20,0,20,0.0,0,20,0.0,0.0,20,0,1.0,0.0,0,20,0.0,0.0
4855,public,35,0,35,0.0,0,35,0.0,0.0,35,0,1.0,0.0,0,35,0.0,0.0
4856,hyper-parameters,20,0,20,0.0,0,20,0.0,0.0,20,0,1.0,0.0,0,20,0.0,0.0
4857,ultimately,20,0,20,0.0,0,20,0.0,0.0,20,0,1.0,0.0,0,20,0.0,0.0
4858,graph-convolutional,20,0,20,0.0,0,20,0.0,0.0,20,0,1.0,0.0,0,20,0.0,0.0
4859,generalisation,20,0,20,0.0,0,20,0.0,0.0,20,0,1.0,0.0,0,20,0.0,0.0
4860,augmented,73,6,67,0.0822,4,69,0.0548,0.6667,73,0,1.0,18.25,4,69,0.0548,1.0
4861,pre-trained,20,0,20,0.0,0,20,0.0,0.0,20,0,1.0,0.0,0,20,0.0,0.0
4862,distribution,20,0,20,0.0,0,20,0.0,0.0,20,0,1.0,0.0,0,20,0.0,0.0
4863,ood,943,84,859,0.0891,62,881,0.0657,0.7381,943,0,1.0,15.2097,40,903,0.0424,0.6452
4864,generalisability,20,0,20,0.0,0,20,0.0,0.0,20,0,1.0,0.0,0,20,0.0,0.0
4865,gauge,20,0,20,0.0,0,20,0.0,0.0,20,0,1.0,0.0,0,20,0.0,0.0
4866,reliability,20,0,20,0.0,0,20,0.0,0.0,20,0,1.0,0.0,0,20,0.0,0.0
4867,machinery,20,0,20,0.0,0,20,0.0,0.0,20,0,1.0,0.0,0,20,0.0,0.0
4868,conjunction,20,0,20,0.0,0,20,0.0,0.0,20,0,1.0,0.0,0,20,0.0,0.0
4869,synthesizability,178,0,178,0.0,0,178,0.0,0.0,178,0,1.0,0.0,0,178,0.0,0.0
4870,wil-uni-a125ac6f-1,1,1,0,1.0,1,0,1.0,1.0,1,0,1.0,1.0,1,0,1.0,1.0
4871,opportunistically,3,3,0,1.0,3,0,1.0,1.0,3,0,1.0,1.0,3,0,1.0,1.0
4872,46cf,5,1,4,0.2,0,5,0.0,0.0,5,0,1.0,0.0,0,5,0.0,0.0
4873,allyl,14,1,13,0.0714,0,14,0.0,0.0,14,0,1.0,0.0,0,14,0.0,0.0
4874,anion,21,1,20,0.0476,0,21,0.0,0.0,21,0,1.0,0.0,0,21,0.0,0.0
4875,oxidation,15,4,11,0.2667,3,12,0.2,0.75,15,0,1.0,5.0,3,12,0.2,1.0
4876,hydroboration,5,1,4,0.2,0,5,0.0,0.0,5,0,1.0,0.0,0,5,0.0,0.0
4877,chlorination,6,2,4,0.3333,1,5,0.1667,0.5,6,0,1.0,6.0,1,5,0.1667,1.0
4878,akos014744595,5,1,4,0.2,0,5,0.0,0.0,5,0,1.0,0.0,0,5,0.0,0.0
4879,swapping,10,0,10,0.0,0,10,0.0,0.0,10,0,1.0,0.0,0,10,0.0,0.0
4880,flexibilty,10,0,10,0.0,0,10,0.0,0.0,10,0,1.0,0.0,0,10,0.0,0.0
4881,acidic,10,0,10,0.0,0,10,0.0,0.0,10,0,1.0,0.0,0,10,0.0,0.0
4882,aar-pos-d2a4d1df-15,10,0,10,0.0,0,10,0.0,0.0,10,0,1.0,0.0,0,10,0.0,0.0
4883,benzofuran,114,4,110,0.0351,1,113,0.0088,0.25,114,0,1.0,114.0,1,113,0.0088,1.0
4884,tetrazole,2,1,1,0.5,1,1,0.5,1.0,2,0,1.0,2.0,1,1,0.5,1.0
4885,dihydrobenzopyran,2,1,1,0.5,1,1,0.5,1.0,2,0,1.0,2.0,1,1,0.5,1.0
4886,computer-speak,2,1,1,0.5,1,1,0.5,1.0,2,0,1.0,2.0,1,1,0.5,1.0
4887,pruned,2,1,1,0.5,1,1,0.5,1.0,2,0,1.0,2.0,1,1,0.5,1.0
4888,resource,21,2,19,0.0952,2,19,0.0952,1.0,21,0,1.0,10.5,1,20,0.0476,0.5
4889,carbon-carbon,2,1,1,0.5,1,1,0.5,1.0,2,0,1.0,2.0,1,1,0.5,1.0
4890,worry,2,1,1,0.5,1,1,0.5,1.0,2,0,1.0,2.0,1,1,0.5,1.0
4891,torsional,2,1,1,0.5,1,1,0.5,1.0,2,0,1.0,2.0,1,1,0.5,1.0
4892,eliminate,9,1,8,0.1111,1,8,0.1111,1.0,9,0,1.0,9.0,1,8,0.1111,1.0
4893,resolve,17,4,13,0.2353,4,13,0.2353,1.0,17,0,1.0,4.25,4,13,0.2353,1.0
4894,mat-pos-fa06b69f-6,20,0,20,0.0,0,20,0.0,0.0,20,0,1.0,0.0,0,20,0.0,0.0
4895,similiar,23,5,18,0.2174,4,19,0.1739,0.8,23,0,1.0,5.75,4,19,0.1739,1.0
4896,edj-med-6af13d92,26,9,17,0.3462,7,19,0.2692,0.7778,26,0,1.0,3.7143,7,19,0.2692,1.0
4897,bending,16,4,12,0.25,3,13,0.1875,0.75,16,0,1.0,5.3333,3,13,0.1875,1.0
4898,peri-,12,4,8,0.3333,3,9,0.25,0.75,12,0,1.0,4.0,3,9,0.25,1.0
4899,n-substituent,12,4,8,0.3333,3,9,0.25,0.75,12,0,1.0,4.0,3,9,0.25,1.0
4900,catastrophically,12,4,8,0.3333,3,9,0.25,0.75,12,0,1.0,4.0,3,9,0.25,1.0
4901,compromise,63,6,57,0.0952,4,59,0.0635,0.6667,63,0,1.0,15.75,4,59,0.0635,1.0
4902,mic-unk-cdc2493e,12,0,12,0.0,0,12,0.0,0.0,12,0,1.0,0.0,0,12,0.0,0.0
4903,m-chlorobenzaldehyde,12,0,12,0.0,0,12,0.0,0.0,12,0,1.0,0.0,0,12,0.0,0.0
4904,isocyanide,89,37,52,0.4157,37,52,0.4157,1.0,89,0,1.0,2.4054,37,52,0.4157,1.0
4905,mat-pos-8a69d52e-5,36,0,36,0.0,0,36,0.0,0.0,36,0,1.0,0.0,0,36,0.0,0.0
4906,mat-pos-8a69d52e-6,36,0,36,0.0,0,36,0.0,0.0,36,0,1.0,0.0,0,36,0.0,0.0
4907,mat-pos-f7918075-2,42,2,40,0.0476,2,40,0.0476,1.0,42,0,1.0,21.0,2,40,0.0476,1.0
4908,mic-unk-50cce87d,14,2,12,0.1429,2,12,0.1429,1.0,14,0,1.0,7.0,2,12,0.1429,1.0
4909,replicate,14,2,12,0.1429,2,12,0.1429,1.0,14,0,1.0,7.0,2,12,0.1429,1.0
4910,ketone-based,1,0,1,0.0,0,1,0.0,0.0,1,0,1.0,0.0,0,1,0.0,0.0
4911,opaganib,1,0,1,0.0,0,1,0.0,0.0,1,0,1.0,0.0,0,1,0.0,0.0
4912,mat-pos-0c8fa4a7-1,15,0,15,0.0,0,15,0.0,0.0,15,0,1.0,0.0,0,15,0.0,0.0
4913,alp-pos-477dc5b7-1,9,0,9,0.0,0,9,0.0,0.0,9,0,1.0,0.0,0,9,0.0,0.0
4914,c-cl,9,0,9,0.0,0,9,0.0,0.0,9,0,1.0,0.0,0,9,0.0,0.0
4915,cl-aryl,9,0,9,0.0,0,9,0.0,0.0,9,0,1.0,0.0,0,9,0.0,0.0
4916,stereoisomer,9,0,9,0.0,0,9,0.0,0.0,9,0,1.0,0.0,0,9,0.0,0.0
4917,hard-to-predict,7,0,7,0.0,0,7,0.0,0.0,7,0,1.0,0.0,0,7,0.0,0.0
4918,fate,14,1,13,0.0714,0,14,0.0,0.0,14,0,1.0,0.0,0,14,0.0,0.0
4919,quinoline-type,7,0,7,0.0,0,7,0.0,0.0,7,0,1.0,0.0,0,7,0.0,0.0
4920,oxidised,7,0,7,0.0,0,7,0.0,0.0,7,0,1.0,0.0,0,7,0.0,0.0
4921,withdrawn,7,0,7,0.0,0,7,0.0,0.0,7,0,1.0,0.0,0,7,0.0,0.0
4922,adverse,7,0,7,0.0,0,7,0.0,0.0,7,0,1.0,0.0,0,7,0.0,0.0
4923,cross-species,7,0,7,0.0,0,7,0.0,0.0,7,0,1.0,0.0,0,7,0.0,0.0
4924,jm4017976,7,0,7,0.0,0,7,0.0,0.0,7,0,1.0,0.0,0,7,0.0,0.0
4925,boot,7,0,7,0.0,0,7,0.0,0.0,7,0,1.0,0.0,0,7,0.0,0.0
4926,gao,1,0,1,0.0,0,1,0.0,0.0,1,0,1.0,0.0,0,1,0.0,0.0
4927,pmc7313673,1,0,1,0.0,0,1,0.0,0.0,1,0,1.0,0.0,0,1,0.0,0.0
4928,pre-approved,1,0,1,0.0,0,1,0.0,0.0,1,0,1.0,0.0,0,1,0.0,0.0
4929,chloroxine,1,0,1,0.0,0,1,0.0,0.0,1,0,1.0,0.0,0,1,0.0,0.0
4930,attention,1,0,1,0.0,0,1,0.0,0.0,1,0,1.0,0.0,0,1,0.0,0.0
4931,cheers,1,0,1,0.0,0,1,0.0,0.0,1,0,1.0,0.0,0,1,0.0,0.0
4932,caleb,1,0,1,0.0,0,1,0.0,0.0,1,0,1.0,0.0,0,1,0.0,0.0
4933,mediates,58,50,8,0.8621,27,31,0.4655,0.54,58,0,1.0,2.1481,27,31,0.4655,1.0
4934,abandoned,2,0,2,0.0,0,2,0.0,0.0,2,0,1.0,0.0,0,2,0.0,0.0
4935,4-cyclopropylpyridine,2,0,2,0.0,0,2,0.0,0.0,2,0,1.0,0.0,0,2,0.0,0.0
4936,co-crystal,156,4,152,0.0256,1,155,0.0064,0.25,156,0,1.0,156.0,0,156,0.0,0.0
4937,6w63,15,0,15,0.0,0,15,0.0,0.0,15,0,1.0,0.0,0,15,0.0,0.0
4938,vla-ucb,188,44,144,0.234,31,157,0.1649,0.7045,188,0,1.0,6.0645,31,157,0.1649,1.0
4939,3b415,4,1,3,0.25,1,3,0.25,1.0,4,0,1.0,4.0,1,3,0.25,1.0
4940,pwk,64,2,62,0.0312,2,62,0.0312,1.0,64,0,1.0,32.0,2,62,0.0312,1.0
4941,4-quinolinyl,1,1,0,1.0,1,0,1.0,1.0,1,0,1.0,1.0,1,0,1.0,1.0
4942,4-methylpyridyl,2,1,1,0.5,1,1,0.5,1.0,2,0,1.0,2.0,1,1,0.5,1.0
4943,naive,7,0,7,0.0,0,7,0.0,0.0,7,0,1.0,0.0,0,7,0.0,0.0
4944,covalentising,1,0,1,0.0,0,1,0.0,0.0,1,0,1.0,0.0,0,1,0.0,0.0
4945,dangling,1,0,1,0.0,0,1,0.0,0.0,1,0,1.0,0.0,0,1,0.0,0.0
4946,breadcrumbs,2,2,0,1.0,2,0,1.0,1.0,2,0,1.0,1.0,2,0,1.0,1.0
4947,x0395a,1,0,1,0.0,0,1,0.0,0.0,1,0,1.0,0.0,0,1,0.0,0.0
4948,edj-med-e4b030d8-7,1,1,0,1.0,1,0,1.0,1.0,1,0,1.0,1.0,1,0,1.0,1.0
4949,gain,632,70,562,0.1108,60,572,0.0949,0.8571,632,0,1.0,10.5333,37,595,0.0585,0.6167
4950,calc,3355,21,3334,0.0063,17,3338,0.0051,0.8095,3355,0,1.0,197.3529,8,3347,0.0024,0.4706
4951,moving,56,15,41,0.2679,13,43,0.2321,0.8667,56,0,1.0,4.3077,11,45,0.1964,0.8462
4952,semi-saturated,6,4,2,0.6667,4,2,0.6667,1.0,6,0,1.0,1.5,4,2,0.6667,1.0
4953,bulletproofing,10,4,6,0.4,4,6,0.4,1.0,10,0,1.0,2.5,4,6,0.4,1.0
4954,preempt,10,4,6,0.4,4,6,0.4,1.0,10,0,1.0,2.5,4,6,0.4,1.0
4955,mat-pos-8e4737f4-2,1,1,0,1.0,1,0,1.0,1.0,1,0,1.0,1.0,1,0,1.0,1.0
4956,mat-pos-f7918075-8,4,4,0,1.0,0,4,0.0,0.0,4,0,1.0,0.0,0,4,0.0,0.0
4957,ben-dnd-f2e727cd,1,1,0,1.0,1,0,1.0,1.0,1,0,1.0,1.0,1,0,1.0,1.0
4958,formula,10,0,10,0.0,0,10,0.0,0.0,10,0,1.0,0.0,0,10,0.0,0.0
4959,c16h21no3,1,0,1,0.0,0,1,0.0,0.0,1,0,1.0,0.0,0,1,0.0,0.0
4960,mdpv,1,0,1,0.0,0,1,0.0,0.0,1,0,1.0,0.0,0,1,0.0,0.0
4961,stimulant,1,0,1,0.0,0,1,0.0,0.0,1,0,1.0,0.0,0,1,0.0,0.0
4962,cocaine,1,0,1,0.0,0,1,0.0,0.0,1,0,1.0,0.0,0,1,0.0,0.0
4963,methylphenidate,1,0,1,0.0,0,1,0.0,0.0,1,0,1.0,0.0,0,1,0.0,0.0
4964,amphetamines,1,0,1,0.0,0,1,0.0,0.0,1,0,1.0,0.0,0,1,0.0,0.0
4965,manufactured,1,0,1,0.0,0,1,0.0,0.0,1,0,1.0,0.0,0,1,0.0,0.0
4966,lightning,1,0,1,0.0,0,1,0.0,0.0,1,0,1.0,0.0,0,1,0.0,0.0
4967,guys,1,0,1,0.0,0,1,0.0,0.0,1,0,1.0,0.0,0,1,0.0,0.0
4968,bulk,7,1,6,0.1429,1,6,0.1429,1.0,7,0,1.0,7.0,1,6,0.1429,1.0
4969,shipping,1,0,1,0.0,0,1,0.0,0.0,1,0,1.0,0.0,0,1,0.0,0.0
4970,unlv,1,0,1,0.0,0,1,0.0,0.0,1,0,1.0,0.0,0,1,0.0,0.0
4971,cardinal,1,0,1,0.0,0,1,0.0,0.0,1,0,1.0,0.0,0,1,0.0,0.0
4972,stritch,1,0,1,0.0,0,1,0.0,0.0,1,0,1.0,0.0,0,1,0.0,0.0
4973,advertise,1,0,1,0.0,0,1,0.0,0.0,1,0,1.0,0.0,0,1,0.0,0.0
4974,anybody,1,0,1,0.0,0,1,0.0,0.0,1,0,1.0,0.0,0,1,0.0,0.0
4975,user,1,0,1,0.0,0,1,0.0,0.0,1,0,1.0,0.0,0,1,0.0,0.0
4976,eri-ucb-a0b0dbcb-2,13,4,9,0.3077,3,10,0.2308,0.75,13,0,1.0,4.3333,3,10,0.2308,1.0
4977,alp-pos-05819dc4-1,2,2,0,1.0,2,0,1.0,1.0,2,0,1.0,1.0,2,0,1.0,1.0
4978,eri-ucb-d6de1f3c,6,2,4,0.3333,2,4,0.3333,1.0,6,0,1.0,3.0,2,4,0.3333,1.0
4979,alp-pos-477dc5b7-2,24,12,12,0.5,12,12,0.5,1.0,24,0,1.0,2.0,12,12,0.5,1.0
4980,opportunistic,17,10,7,0.5882,10,7,0.5882,1.0,17,0,1.0,1.7,10,7,0.5882,1.0
4981,diamine,13,0,13,0.0,0,13,0.0,0.0,13,0,1.0,0.0,0,13,0.0,0.0
4982,7-o-dimethylnaringenin,1,0,1,0.0,0,1,0.0,0.0,1,0,1.0,0.0,0,1,0.0,0.0
4983,chromatography,1,0,1,0.0,0,1,0.0,0.0,1,0,1.0,0.0,0,1,0.0,0.0
4984,aerial,1,0,1,0.0,0,1,0.0,0.0,1,0,1.0,0.0,0,1,0.0,0.0
4985,croton,1,0,1,0.0,0,1,0.0,0.0,1,0,1.0,0.0,0,1,0.0,0.0
4986,mazapensis,1,0,1,0.0,0,1,0.0,0.0,1,0,1.0,0.0,0,1,0.0,0.0
4987,lundell,1,0,1,0.0,0,1,0.0,0.0,1,0,1.0,0.0,0,1,0.0,0.0
4988,nuclear,1,0,1,0.0,0,1,0.0,0.0,1,0,1.0,0.0,0,1,0.0,0.0
4989,magnetic,1,0,1,0.0,0,1,0.0,0.0,1,0,1.0,0.0,0,1,0.0,0.0
4990,qualitative,1,0,1,0.0,0,1,0.0,0.0,1,0,1.0,0.0,0,1,0.0,0.0
4991,7-di-o-methylnarynaringenin,1,0,1,0.0,0,1,0.0,0.0,1,0,1.0,0.0,0,1,0.0,0.0
4992,diane,1,0,1,0.0,0,1,0.0,0.0,1,0,1.0,0.0,0,1,0.0,0.0
4993,bindig,1,0,1,0.0,0,1,0.0,0.0,1,0,1.0,0.0,0,1,0.0,0.0
4994,kal,68,10,58,0.1471,10,58,0.1471,1.0,68,0,1.0,6.8,1,67,0.0147,0.1
4995,moderate,17,0,17,0.0,0,17,0.0,0.0,17,0,1.0,0.0,0,17,0.0,0.0
4996,re-sourced,76,76,0,1.0,76,0,1.0,1.0,76,0,1.0,1.0,74,2,0.9737,0.9737
4997,confirmation,92,76,16,0.8261,76,16,0.8261,1.0,92,0,1.0,1.2105,74,18,0.8043,0.9737
4998,tat-ena-80bfd3e5-37,34,0,34,0.0,0,34,0.0,0.0,34,0,1.0,0.0,0,34,0.0,0.0
4999,fumarates,19,1,18,0.0526,1,18,0.0526,1.0,19,0,1.0,19.0,1,18,0.0526,1.0
5000,allenamides,19,1,18,0.0526,1,18,0.0526,1.0,19,0,1.0,19.0,1,18,0.0526,1.0
5001,propiolonitriles,19,1,18,0.0526,1,18,0.0526,1.0,19,0,1.0,19.0,1,18,0.0526,1.0
5002,jmedchem,28,1,27,0.0357,1,27,0.0357,1.0,28,0,1.0,28.0,1,27,0.0357,1.0
5003,8b01153,19,1,18,0.0526,1,18,0.0526,1.0,19,0,1.0,19.0,1,18,0.0526,1.0
5004,dun-new-f8ce3686-24,6,0,6,0.0,0,6,0.0,0.0,6,0,1.0,0.0,0,6,0.0,0.0
5005,logic,76,4,72,0.0526,4,72,0.0526,1.0,76,0,1.0,19.0,2,74,0.0263,0.5
5006,edj-med-e4b030d8-9,1,0,1,0.0,0,1,0.0,0.0,1,0,1.0,0.0,0,1,0.0,0.0
5007,bru-con-c4e3408a-1,1,0,1,0.0,0,1,0.0,0.0,1,0,1.0,0.0,0,1,0.0,0.0
5008,chloro-acetamide,3,0,3,0.0,0,3,0.0,0.0,3,0,1.0,0.0,0,3,0.0,0.0
5009,efavirenz,1,0,1,0.0,0,1,0.0,0.0,1,0,1.0,0.0,0,1,0.0,0.0
5010,chlorobenzyl,86,2,84,0.0233,2,84,0.0233,1.0,86,0,1.0,43.0,2,84,0.0233,1.0
5011,dar-dia-5ff57136,22,0,22,0.0,0,22,0.0,0.0,22,0,1.0,0.0,0,22,0.0,0.0
5012,ben-dnd-7e92b6ca-1,1,1,0,1.0,1,0,1.0,1.0,1,0,1.0,1.0,1,0,1.0,1.0
5013,coplanarity,13,4,9,0.3077,4,9,0.3077,1.0,13,0,1.0,3.25,4,9,0.3077,1.0
5014,bulkier,1,1,0,1.0,1,0,1.0,1.0,1,0,1.0,1.0,1,0,1.0,1.0
5015,subsituted,1,1,0,1.0,1,0,1.0,1.0,1,0,1.0,1.0,1,0,1.0,1.0
5016,applies,1,1,0,1.0,0,1,0.0,0.0,1,0,1.0,0.0,0,1,0.0,0.0
5017,pet-unk-752bebd6-1,3,3,0,1.0,2,1,0.6667,0.6667,3,0,1.0,1.5,2,1,0.6667,1.0
5018,4-pyridone,1,1,0,1.0,0,1,0.0,0.0,1,0,1.0,0.0,0,1,0.0,0.0
5019,stronger,2,1,1,0.5,0,2,0.0,0.0,2,0,1.0,0.0,0,2,0.0,0.0
5020,isoquinolone,11,8,3,0.7273,5,6,0.4545,0.625,11,0,1.0,2.2,5,6,0.4545,1.0
5021,pet-unk-82544c07-1,2,2,0,1.0,2,0,1.0,1.0,2,0,1.0,1.0,2,0,1.0,1.0
5022,-me,1068,129,939,0.1208,91,977,0.0852,0.7054,1068,0,1.0,11.7363,91,977,0.0852,1.0
5023,vla-ucb-34f3ed0c-11,4,1,3,0.25,1,3,0.25,1.0,4,0,1.0,4.0,1,3,0.25,1.0
5024,recruit,30,0,30,0.0,0,30,0.0,0.0,30,0,1.0,0.0,0,30,0.0,0.0
5025,crl4,30,0,30,0.0,0,30,0.0,0.0,30,0,1.0,0.0,0,30,0.0,0.0
5026,crbn,30,0,30,0.0,0,30,0.0,0.0,30,0,1.0,0.0,0,30,0.0,0.0
5027,ligase,30,0,30,0.0,0,30,0.0,0.0,30,0,1.0,0.0,0,30,0.0,0.0
5028,s41467-019-11429-w,30,0,30,0.0,0,30,0.0,0.0,30,0,1.0,0.0,0,30,0.0,0.0
5029,degrader,30,0,30,0.0,0,30,0.0,0.0,30,0,1.0,0.0,0,30,0.0,0.0
5030,disrupt,42,1,41,0.0238,1,41,0.0238,1.0,42,0,1.0,42.0,1,41,0.0238,1.0
5031,dar-dia-076fb6ea,15,0,15,0.0,0,15,0.0,0.0,15,0,1.0,0.0,0,15,0.0,0.0
5032,sh------f,9,0,9,0.0,0,9,0.0,0.0,9,0,1.0,0.0,0,9,0.0,0.0
5033,aid,116,3,113,0.0259,2,114,0.0172,0.6667,116,0,1.0,58.0,2,114,0.0172,1.0
5034,220cysh,9,0,9,0.0,0,9,0.0,0.0,9,0,1.0,0.0,0,9,0.0,0.0
5035,p53-y220c,9,0,9,0.0,0,9,0.0,0.0,9,0,1.0,0.0,0,9,0.0,0.0
5036,penalties,9,0,9,0.0,0,9,0.0,0.0,9,0,1.0,0.0,0,9,0.0,0.0
5037,acschembio,9,0,9,0.0,0,9,0.0,0.0,9,0,1.0,0.0,0,9,0.0,0.0
5038,6b00315,9,0,9,0.0,0,9,0.0,0.0,9,0,1.0,0.0,0,9,0.0,0.0
5039,ch2fch2-n,9,0,9,0.0,0,9,0.0,0.0,9,0,1.0,0.0,0,9,0.0,0.0
5040,fch2co2h,9,0,9,0.0,0,9,0.0,0.0,9,0,1.0,0.0,0,9,0.0,0.0
5041,oxid,108,5,103,0.0463,4,104,0.037,0.8,108,0,1.0,27.0,4,104,0.037,1.0
5042,cf3ch2,9,0,9,0.0,0,9,0.0,0.0,9,0,1.0,0.0,0,9,0.0,0.0
5043,iodoalkene,9,0,9,0.0,0,9,0.0,0.0,9,0,1.0,0.0,0,9,0.0,0.0
5044,cf3ch2i,9,0,9,0.0,0,9,0.0,0.0,9,0,1.0,0.0,0,9,0.0,0.0
5045,cf3ch2ots,9,0,9,0.0,0,9,0.0,0.0,9,0,1.0,0.0,0,9,0.0,0.0
5046,one-carbon,1,0,1,0.0,0,1,0.0,0.0,1,0,1.0,0.0,0,1,0.0,0.0
5047,opposed,2,0,2,0.0,0,2,0.0,0.0,2,0,1.0,0.0,0,2,0.0,0.0
5048,pet-unk-5ecb6237-1,3,0,3,0.0,0,3,0.0,0.0,3,0,1.0,0.0,0,3,0.0,0.0
5049,nir-wei-75ed5c39-1,3,0,3,0.0,0,3,0.0,0.0,3,0,1.0,0.0,0,3,0.0,0.0
5050,pet-unk-a692de38-1,1,0,1,0.0,0,1,0.0,0.0,1,0,1.0,0.0,0,1,0.0,0.0
5051,generic,4,0,4,0.0,0,4,0.0,0.0,4,0,1.0,0.0,0,4,0.0,0.0
5052,perceived,5,0,5,0.0,0,5,0.0,0.0,5,0,1.0,0.0,0,5,0.0,0.0
5053,chloroacetimide,1,0,1,0.0,0,1,0.0,0.0,1,0,1.0,0.0,0,1,0.0,0.0
5054,chloroacetone,1,0,1,0.0,0,1,0.0,0.0,1,0,1.0,0.0,0,1,0.0,0.0
5055,familiar,1,0,1,0.0,0,1,0.0,0.0,1,0,1.0,0.0,0,1,0.0,0.0
5056,carbonyl-based,2,0,2,0.0,0,2,0.0,0.0,2,0,1.0,0.0,0,2,0.0,0.0
5057,n-formyl,2,0,2,0.0,0,2,0.0,0.0,2,0,1.0,0.0,0,2,0.0,0.0
5058,dissociation,2,0,2,0.0,0,2,0.0,0.0,2,0,1.0,0.0,0,2,0.0,0.0
5059,formyl,2,0,2,0.0,0,2,0.0,0.0,2,0,1.0,0.0,0,2,0.0,0.0
5060,methoxycarbonyl,2,0,2,0.0,0,2,0.0,0.0,2,0,1.0,0.0,0,2,0.0,0.0
5061,alp-pos-6d04362c-2,17,0,17,0.0,0,17,0.0,0.0,17,0,1.0,0.0,0,17,0.0,0.0
5062,atlas,8,0,8,0.0,0,8,0.0,0.0,8,0,1.0,0.0,0,8,0.0,0.0
5063,admet,22,3,19,0.1364,2,20,0.0909,0.6667,22,0,1.0,11.0,2,20,0.0909,1.0
5064,revision,11,3,8,0.2727,3,8,0.2727,1.0,11,0,1.0,3.6667,3,8,0.2727,1.0
5065,npa013652,8,0,8,0.0,0,8,0.0,0.0,8,0,1.0,0.0,0,8,0.0,0.0
5066,npa001702,8,0,8,0.0,0,8,0.0,0.0,8,0,1.0,0.0,0,8,0.0,0.0
5067,npa002809,8,0,8,0.0,0,8,0.0,0.0,8,0,1.0,0.0,0,8,0.0,0.0
5068,npa005589,8,0,8,0.0,0,8,0.0,0.0,8,0,1.0,0.0,0,8,0.0,0.0
5069,npa022742,8,0,8,0.0,0,8,0.0,0.0,8,0,1.0,0.0,0,8,0.0,0.0
5070,npa013618,8,0,8,0.0,0,8,0.0,0.0,8,0,1.0,0.0,0,8,0.0,0.0
5071,npa015941,8,0,8,0.0,0,8,0.0,0.0,8,0,1.0,0.0,0,8,0.0,0.0
5072,npa010921,8,0,8,0.0,0,8,0.0,0.0,8,0,1.0,0.0,0,8,0.0,0.0
5073,observing,18,0,18,0.0,0,18,0.0,0.0,18,0,1.0,0.0,0,18,0.0,0.0
5074,mpro-x11498,18,0,18,0.0,0,18,0.0,0.0,18,0,1.0,0.0,0,18,0.0,0.0
5075,fragment-guided,7,0,7,0.0,0,7,0.0,0.0,7,0,1.0,0.0,0,7,0.0,0.0
5076,scrutinized,7,0,7,0.0,0,7,0.0,0.0,7,0,1.0,0.0,0,7,0.0,0.0
5077,indicating,8,0,8,0.0,0,8,0.0,0.0,8,0,1.0,0.0,0,8,0.0,0.0
5078,mdpi,7,0,7,0.0,0,7,0.0,0.0,7,0,1.0,0.0,0,7,0.0,0.0
5079,oxidize,9,0,9,0.0,0,9,0.0,0.0,9,0,1.0,0.0,0,9,0.0,0.0
5080,dar-dia-076fb6ea-1,6,0,6,0.0,0,6,0.0,0.0,6,0,1.0,0.0,0,6,0.0,0.0
5081,dar-dia-076fb6ea-3,6,0,6,0.0,0,6,0.0,0.0,6,0,1.0,0.0,0,6,0.0,0.0
5082,mitsunobu,75,1,74,0.0133,0,75,0.0,0.0,75,0,1.0,0.0,0,75,0.0,0.0
5083,edg-med-971238d3-4,110,0,110,0.0,0,110,0.0,0.0,110,0,1.0,0.0,0,110,0.0,0.0
5084,mat-pos-8d5af1ef-1,7,2,5,0.2857,1,6,0.1429,0.5,7,0,1.0,7.0,1,6,0.1429,1.0
5085,5kcal,13,6,7,0.4615,0,13,0.0,0.0,13,0,1.0,0.0,0,13,0.0,0.0
5086,ddg,75,9,66,0.12,2,73,0.0267,0.2222,75,0,1.0,37.5,2,73,0.0267,1.0
5087,o-link,14,6,8,0.4286,0,14,0.0,0.0,14,0,1.0,0.0,0,14,0.0,0.0
5088,edg-med-971238d3-1,12,6,6,0.5,0,12,0.0,0.0,12,0,1.0,0.0,0,12,0.0,0.0
5089,ral-tha-6b94ceba-10,3,3,0,1.0,3,0,1.0,1.0,3,0,1.0,1.0,3,0,1.0,1.0
5090,ena-ena-cf881d10-1,3,3,0,1.0,3,0,1.0,1.0,3,0,1.0,1.0,3,0,1.0,1.0
5091,wil-mod-03b86a88-3,3,3,0,1.0,3,0,1.0,1.0,3,0,1.0,1.0,3,0,1.0,1.0
5092,alpha-cyano,4,0,4,0.0,0,4,0.0,0.0,4,0,1.0,0.0,0,4,0.0,0.0
5093,attractiveness,4,0,4,0.0,0,4,0.0,0.0,4,0,1.0,0.0,0,4,0.0,0.0
5094,cf2,8,1,7,0.125,0,8,0.0,0.0,8,0,1.0,0.0,0,8,0.0,0.0
5095,4th,4,0,4,0.0,0,4,0.0,0.0,4,0,1.0,0.0,0,4,0.0,0.0
5096,enolisation,4,0,4,0.0,0,4,0.0,0.0,4,0,1.0,0.0,0,4,0.0,0.0
5097,carbanion,4,0,4,0.0,0,4,0.0,0.0,4,0,1.0,0.0,0,4,0.0,0.0
5098,interference,4,0,4,0.0,0,4,0.0,0.0,4,0,1.0,0.0,0,4,0.0,0.0
5099,truncated,10,0,10,0.0,0,10,0.0,0.0,10,0,1.0,0.0,0,10,0.0,0.0
5100,des-cyano,4,0,4,0.0,0,4,0.0,0.0,4,0,1.0,0.0,0,4,0.0,0.0
5101,imine,15,0,15,0.0,0,15,0.0,0.0,15,0,1.0,0.0,0,15,0.0,0.0
5102,improvement,9,2,7,0.2222,1,8,0.1111,0.5,9,0,1.0,9.0,1,8,0.1111,1.0
5103,val,5588,280,5308,0.0501,194,5394,0.0347,0.6929,5588,0,1.0,28.8041,95,5493,0.017,0.4897
5104,1-9mckocfnfjy-dpm6vbyx0_tohvpev-noe_asx9jqjc,1,0,1,0.0,0,1,0.0,0.0,1,0,1.0,0.0,0,1,0.0,0.0
5105,unexpected,4,2,2,0.5,2,2,0.5,1.0,4,0,1.0,2.0,2,2,0.5,1.0
5106,xray,64,29,35,0.4531,27,37,0.4219,0.931,64,0,1.0,2.3704,4,60,0.0625,0.1481
5107,perfomed,4,2,2,0.5,2,2,0.5,1.0,4,0,1.0,2.0,2,2,0.5,1.0
5108,forced,4,2,2,0.5,2,2,0.5,1.0,4,0,1.0,2.0,2,2,0.5,1.0
5109,postdocs,4,2,2,0.5,2,2,0.5,1.0,4,0,1.0,2.0,2,2,0.5,1.0
5110,arathy,4,2,2,0.5,2,2,0.5,1.0,4,0,1.0,2.0,2,2,0.5,1.0
5111,jose,8,2,6,0.25,2,6,0.25,1.0,8,0,1.0,4.0,2,6,0.25,1.0
5112,dan,230,16,214,0.0696,15,215,0.0652,0.9375,230,0,1.0,15.3333,10,220,0.0435,0.6667
5113,guest,4,2,2,0.5,2,2,0.5,1.0,4,0,1.0,2.0,2,2,0.5,1.0
5114,tim-inf-fd8b8e92-1,4,0,4,0.0,0,4,0.0,0.0,4,0,1.0,0.0,0,4,0.0,0.0
5115,tert-butyl,4,0,4,0.0,0,4,0.0,0.0,4,0,1.0,0.0,0,4,0.0,0.0
5116,aar-pos-d2a4d1df-20,3,0,3,0.0,0,3,0.0,0.0,3,0,1.0,0.0,0,3,0.0,0.0
5117,mic-unk-a28eba03-2,3,0,3,0.0,0,3,0.0,0.0,3,0,1.0,0.0,0,3,0.0,0.0
5118,hybridization,4,0,4,0.0,0,4,0.0,0.0,4,0,1.0,0.0,0,4,0.0,0.0
5119,design1,4,0,4,0.0,0,4,0.0,0.0,4,0,1.0,0.0,0,4,0.0,0.0
5120,design2,4,0,4,0.0,0,4,0.0,0.0,4,0,1.0,0.0,0,4,0.0,0.0
5121,design3,4,0,4,0.0,0,4,0.0,0.0,4,0,1.0,0.0,0,4,0.0,0.0
5122,design4,4,0,4,0.0,0,4,0.0,0.0,4,0,1.0,0.0,0,4,0.0,0.0
5123,synthetically-difficult,26,0,26,0.0,0,26,0.0,0.0,26,0,1.0,0.0,0,26,0.0,0.0
5124,polymerise,26,0,26,0.0,0,26,0.0,0.0,26,0,1.0,0.0,0,26,0.0,0.0
5125,eject,50,0,50,0.0,0,50,0.0,0.0,50,0,1.0,0.0,0,50,0.0,0.0
5126,m-chlorophenylacetic,26,0,26,0.0,0,26,0.0,0.0,26,0,1.0,0.0,0,26,0.0,0.0
5127,dar-dia-56cf811e,26,0,26,0.0,0,26,0.0,0.0,26,0,1.0,0.0,0,26,0.0,0.0
5128,exemplar,52,6,46,0.1154,6,46,0.1154,1.0,52,0,1.0,8.6667,0,52,0.0,0.0
5129,somewhere,26,0,26,0.0,0,26,0.0,0.0,26,0,1.0,0.0,0,26,0.0,0.0
5130,n-methylation,77,0,77,0.0,0,77,0.0,0.0,77,0,1.0,0.0,0,77,0.0,0.0
5131,vanity,26,0,26,0.0,0,26,0.0,0.0,26,0,1.0,0.0,0,26,0.0,0.0
5132,ch2cf3,26,0,26,0.0,0,26,0.0,0.0,26,0,1.0,0.0,0,26,0.0,0.0
5133,cf3-ethyl,26,0,26,0.0,0,26,0.0,0.0,26,0,1.0,0.0,0,26,0.0,0.0
5134,daren_fearon,26,0,26,0.0,0,26,0.0,0.0,26,0,1.0,0.0,0,26,0.0,0.0
5135,nau-lat-4ce8bf23,26,0,26,0.0,0,26,0.0,0.0,26,0,1.0,0.0,0,26,0.0,0.0
5136,alp-pos-05819dc4,5,3,2,0.6,3,2,0.6,1.0,5,0,1.0,1.6667,3,2,0.6,1.0
5137,400nm,3,1,2,0.3333,1,2,0.3333,1.0,3,0,1.0,3.0,1,2,0.3333,1.0
5138,bisulfite,2,0,2,0.0,0,2,0.0,0.0,2,0,1.0,0.0,0,2,0.0,0.0
5139,aldedhyde,2,0,2,0.0,0,2,0.0,0.0,2,0,1.0,0.0,0,2,0.0,0.0
5140,5-phenyl-2-pentenal,2,0,2,0.0,0,2,0.0,0.0,2,0,1.0,0.0,0,2,0.0,0.0
5141,propenal,2,0,2,0.0,0,2,0.0,0.0,2,0,1.0,0.0,0,2,0.0,0.0
5142,5-phenylpropenal,2,0,2,0.0,0,2,0.0,0.0,2,0,1.0,0.0,0,2,0.0,0.0
5143,cyclicsed,2,0,2,0.0,0,2,0.0,0.0,2,0,1.0,0.0,0,2,0.0,0.0
5144,ben-dnd-7e92b6ca-2,2,0,2,0.0,0,2,0.0,0.0,2,0,1.0,0.0,0,2,0.0,0.0
5145,intermedate,12,6,6,0.5,2,10,0.1667,0.3333,12,0,1.0,6.0,2,10,0.1667,1.0
5146,singleton,4,4,0,1.0,4,0,1.0,1.0,4,0,1.0,1.0,4,0,1.0,1.0
5147,remake,4,4,0,1.0,4,0,1.0,1.0,4,0,1.0,1.0,4,0,1.0,1.0
5148,alp-pos-6747fa38-1,1,0,1,0.0,0,1,0.0,0.0,1,0,1.0,0.0,0,1,0.0,0.0
5149,jan-ghe-83b26c96-10,1,0,1,0.0,0,1,0.0,0.0,1,0,1.0,0.0,0,1,0.0,0.0
5150,covalentization,2,0,2,0.0,0,2,0.0,0.0,2,0,1.0,0.0,0,2,0.0,0.0
5151,amide-vinylsulphonamides,6,0,6,0.0,0,6,0.0,0.0,6,0,1.0,0.0,0,6,0.0,0.0
5152,arn,601,72,529,0.1198,61,540,0.1015,0.8472,601,0,1.0,9.8525,44,557,0.0732,0.7213
5153,arnhso2,6,0,6,0.0,0,6,0.0,0.0,6,0,1.0,0.0,0,6,0.0,0.0
5154,ac2o,6,0,6,0.0,0,6,0.0,0.0,6,0,1.0,0.0,0,6,0.0,0.0
5155,arnh,6,0,6,0.0,0,6,0.0,0.0,6,0,1.0,0.0,0,6,0.0,0.0
5156,vinylsulphonamide,6,0,6,0.0,0,6,0.0,0.0,6,0,1.0,0.0,0,6,0.0,0.0
5157,anyhride,6,0,6,0.0,0,6,0.0,0.0,6,0,1.0,0.0,0,6,0.0,0.0
5158,eur,280,5,275,0.0179,2,278,0.0071,0.4,280,0,1.0,140.0,1,279,0.0036,0.5
5159,ejoc,6,0,6,0.0,0,6,0.0,0.0,6,0,1.0,0.0,0,6,0.0,0.0
5160,ugi-based,6,0,6,0.0,0,6,0.0,0.0,6,0,1.0,0.0,0,6,0.0,0.0
5161,stucture,6,0,6,0.0,0,6,0.0,0.0,6,0,1.0,0.0,0,6,0.0,0.0
5162,t-bu,24,0,24,0.0,0,24,0.0,0.0,24,0,1.0,0.0,0,24,0.0,0.0
5163,6th,24,0,24,0.0,0,24,0.0,0.0,24,0,1.0,0.0,0,24,0.0,0.0
5164,4-9,34,4,30,0.1176,4,30,0.1176,1.0,34,0,1.0,8.5,4,30,0.1176,1.0
5165,1-6,115,0,115,0.0,0,115,0.0,0.0,115,0,1.0,0.0,0,115,0.0,0.0
5166,dichloro,25,20,5,0.8,18,7,0.72,0.9,25,0,1.0,1.3889,18,7,0.72,1.0
5167,mic-unk-45817b9b-1,2,1,1,0.5,0,2,0.0,0.0,2,0,1.0,0.0,0,2,0.0,0.0
5168,moderately-well,4,0,4,0.0,0,4,0.0,0.0,4,0,1.0,0.0,0,4,0.0,0.0
5169,systematic,96,36,60,0.375,34,62,0.3542,0.9444,96,0,1.0,2.8235,34,62,0.3542,1.0
5170,mat-pos-23a8a11a-1,40,32,8,0.8,31,9,0.775,0.9688,40,0,1.0,1.2903,31,9,0.775,1.0
5171,dec,346,79,267,0.2283,75,271,0.2168,0.9494,346,0,1.0,4.6133,59,287,0.1705,0.7867
5172,phenibut,1,0,1,0.0,0,1,0.0,0.0,1,0,1.0,0.0,0,1,0.0,0.0
5173,fluvoxamine,2,0,2,0.0,0,2,0.0,0.0,2,0,1.0,0.0,0,2,0.0,0.0
5174,oipr,2,1,1,0.5,1,1,0.5,1.0,2,0,1.0,2.0,1,1,0.5,1.0
5175,overdue,7,7,0,1.0,7,0,1.0,1.0,7,0,1.0,1.0,7,0,1.0,1.0
5176,delay,8,8,0,1.0,8,0,1.0,1.0,8,0,1.0,1.0,7,1,0.875,0.875
5177,consequence,7,7,0,1.0,7,0,1.0,1.0,7,0,1.0,1.0,7,0,1.0,1.0
5178,pandemic,7,7,0,1.0,7,0,1.0,1.0,7,0,1.0,1.0,7,0,1.0,1.0
5179,social,7,7,0,1.0,7,0,1.0,1.0,7,0,1.0,1.0,7,0,1.0,1.0
5180,plug,7,7,0,1.0,7,0,1.0,1.0,7,0,1.0,1.0,7,0,1.0,1.0
5181,kadi,125,15,110,0.12,7,118,0.056,0.4667,125,0,1.0,17.8571,7,118,0.056,1.0
5182,melissa,53,6,47,0.1132,4,49,0.0755,0.6667,53,0,1.0,13.25,4,49,0.0755,1.0
5183,azabenzothiazole,2,0,2,0.0,0,2,0.0,0.0,2,0,1.0,0.0,0,2,0.0,0.0
5184,alp-pos-cd485364-2,17,0,17,0.0,0,17,0.0,0.0,17,0,1.0,0.0,0,17,0.0,0.0
5185,ral-tha-2d450e86,11,11,0,1.0,8,3,0.7273,0.7273,11,0,1.0,1.375,8,3,0.7273,1.0
5186,vla-ucb-05e51b3f-10,1,1,0,1.0,1,0,1.0,1.0,1,0,1.0,1.0,1,0,1.0,1.0
5187,vla-ucb-50c39ae8-7,7,3,4,0.4286,2,5,0.2857,0.6667,7,0,1.0,3.5,2,5,0.2857,1.0
5188,espera,1,0,1,0.0,0,1,0.0,0.0,1,0,1.0,0.0,0,1,0.0,0.0
5189,tener,2,0,2,0.0,0,2,0.0,0.0,2,0,1.0,0.0,0,2,0.0,0.0
5190,alguna,2,0,2,0.0,0,2,0.0,0.0,2,0,1.0,0.0,0,2,0.0,0.0
5191,actividad,1,0,1,0.0,0,1,0.0,0.0,1,0,1.0,0.0,0,1,0.0,0.0
5192,molecula,848,46,802,0.0542,38,810,0.0448,0.8261,848,0,1.0,22.3158,15,833,0.0177,0.3947
5193,diseñada,1,0,1,0.0,0,1,0.0,0.0,1,0,1.0,0.0,0,1,0.0,0.0
5194,inhibiendo,1,0,1,0.0,0,1,0.0,0.0,1,0,1.0,0.0,0,1,0.0,0.0
5195,proteasa,1,0,1,0.0,0,1,0.0,0.0,1,0,1.0,0.0,0,1,0.0,0.0
5196,principal,1,0,1,0.0,0,1,0.0,0.0,1,0,1.0,0.0,0,1,0.0,0.0
5197,artemisinin,1,0,1,0.0,0,1,0.0,0.0,1,0,1.0,0.0,0,1,0.0,0.0
5198,ivermectin,3,0,3,0.0,0,3,0.0,0.0,3,0,1.0,0.0,0,3,0.0,0.0
5199,invermectin,1,0,1,0.0,0,1,0.0,0.0,1,0,1.0,0.0,0,1,0.0,0.0
5200,putting,4,0,4,0.0,0,4,0.0,0.0,4,0,1.0,0.0,0,4,0.0,0.0
5201,online,4,0,4,0.0,0,4,0.0,0.0,4,0,1.0,0.0,0,4,0.0,0.0
5202,shelves,1,0,1,0.0,0,1,0.0,0.0,1,0,1.0,0.0,0,1,0.0,0.0
5203,dubious,1,0,1,0.0,0,1,0.0,0.0,1,0,1.0,0.0,0,1,0.0,0.0
5204,cascade,92,89,3,0.9674,89,3,0.9674,1.0,92,0,1.0,1.0337,3,89,0.0326,0.0337
5205,c19ivermectin,1,0,1,0.0,0,1,0.0,0.0,1,0,1.0,0.0,0,1,0.0,0.0
5206,preprint,1,0,1,0.0,0,1,0.0,0.0,1,0,1.0,0.0,0,1,0.0,0.0
5207,francés-monerris,1,0,1,0.0,0,1,0.0,0.0,1,0,1.0,0.0,0,1,0.0,0.0
5208,stuck,1,0,1,0.0,0,1,0.0,0.0,1,0,1.0,0.0,0,1,0.0,0.0
5209,resist,111,4,107,0.036,2,109,0.018,0.5,111,0,1.0,55.5,2,109,0.018,1.0
5210,stating,1,0,1,0.0,0,1,0.0,0.0,1,0,1.0,0.0,0,1,0.0,0.0
5211,duly,1,0,1,0.0,0,1,0.0,0.0,1,0,1.0,0.0,0,1,0.0,0.0
5212,hackle-raising,1,0,1,0.0,0,1,0.0,0.0,1,0,1.0,0.0,0,1,0.0,0.0
5213,flattened,26,17,9,0.6538,8,18,0.3077,0.4706,26,0,1.0,3.25,8,18,0.3077,1.0
5214,kad-uni-8a629cb0,10,1,9,0.1,1,9,0.1,1.0,10,0,1.0,10.0,1,9,0.1,1.0
5215,proxalutamide,1,0,1,0.0,0,1,0.0,0.0,1,0,1.0,0.0,0,1,0.0,0.0
5216,gt0918,1,0,1,0.0,0,1,0.0,0.0,1,0,1.0,0.0,0,1,0.0,0.0
5217,researchgate,1,0,1,0.0,0,1,0.0,0.0,1,0,1.0,0.0,0,1,0.0,0.0
5218,347796460_proxalutamide_gt0918_reduces_the_rate_of_hospitalization_and_death_in_covid-_19_male_patients_a_randomized_double-blinded_placebo-controlled_trial,1,0,1,0.0,0,1,0.0,0.0,1,0,1.0,0.0,0,1,0.0,0.0
5219,amidic,9,0,9,0.0,0,9,0.0,0.0,9,0,1.0,0.0,0,9,0.0,0.0
5220,nhs,22,6,16,0.2727,5,17,0.2273,0.8333,22,0,1.0,4.4,5,17,0.2273,1.0
5221,3-aminoquinoline-like,9,0,9,0.0,0,9,0.0,0.0,9,0,1.0,0.0,0,9,0.0,0.0
5222,flank,21,0,21,0.0,0,21,0.0,0.0,21,0,1.0,0.0,0,21,0.0,0.0
5223,advantage,71,1,70,0.0141,1,70,0.0141,1.0,71,0,1.0,71.0,1,70,0.0141,1.0
5224,mechanics,9,0,9,0.0,0,9,0.0,0.0,9,0,1.0,0.0,0,9,0.0,0.0
5225,mat-pos-c7771779-1,3,0,3,0.0,0,3,0.0,0.0,3,0,1.0,0.0,0,3,0.0,0.0
5226,tetrazolein,1,1,0,1.0,1,0,1.0,1.0,1,0,1.0,1.0,1,0,1.0,1.0
5227,ccooh,4,4,0,1.0,1,3,0.25,0.25,4,0,1.0,4.0,1,3,0.25,1.0
5228,en300-101637,4,4,0,1.0,1,3,0.25,0.25,4,0,1.0,4.0,1,3,0.25,1.0
5229,en300-137456,4,4,0,1.0,1,3,0.25,0.25,4,0,1.0,4.0,1,3,0.25,1.0
5230,en300-20363,4,4,0,1.0,1,3,0.25,0.25,4,0,1.0,4.0,1,3,0.25,1.0
5231,en300-117222,4,4,0,1.0,1,3,0.25,0.25,4,0,1.0,4.0,1,3,0.25,1.0
5232,en300-2723070,4,4,0,1.0,1,3,0.25,0.25,4,0,1.0,4.0,1,3,0.25,1.0
5233,en300-343103,4,4,0,1.0,1,3,0.25,0.25,4,0,1.0,4.0,1,3,0.25,1.0
5234,en300-331993,4,4,0,1.0,1,3,0.25,0.25,4,0,1.0,4.0,1,3,0.25,1.0
5235,en300-2008102_2,4,4,0,1.0,1,3,0.25,0.25,4,0,1.0,4.0,1,3,0.25,1.0
5236,open-chain,5,5,0,1.0,5,0,1.0,1.0,5,0,1.0,1.0,5,0,1.0,1.0
5237,edj-med-12c115cc-1quaternary,2,1,1,0.5,1,1,0.5,1.0,2,0,1.0,2.0,1,1,0.5,1.0
5238,aromatisation,8,2,6,0.25,2,6,0.25,1.0,8,0,1.0,4.0,2,6,0.25,1.0
5239,naphthyridine,128,8,120,0.0625,5,123,0.0391,0.625,128,0,1.0,25.6,5,123,0.0391,1.0
5240,dicl,5,5,0,1.0,5,0,1.0,1.0,5,0,1.0,1.0,5,0,1.0,1.0
5241,edg-med-0e5afe9d-3,17,5,12,0.2941,5,12,0.2941,1.0,17,0,1.0,3.4,5,12,0.2941,1.0
5242,edj-med-12c115cc-1,10,2,8,0.2,2,8,0.2,1.0,10,0,1.0,5.0,2,8,0.2,1.0
5243,evariste,88,1,87,0.0114,1,87,0.0114,1.0,88,0,1.0,88.0,1,87,0.0114,1.0
5244,proprietary,80,1,79,0.0125,1,79,0.0125,1.0,80,0,1.0,80.0,1,79,0.0125,1.0
5245,frobenius,80,1,79,0.0125,1,79,0.0125,1.0,80,0,1.0,80.0,1,79,0.0125,1.0
5246,utilises,31,1,30,0.0323,1,30,0.0323,1.0,31,0,1.0,31.0,1,30,0.0323,1.0
5247,pet-unk-4dc48bbe-1,1,0,1,0.0,0,1,0.0,0.0,1,0,1.0,0.0,0,1,0.0,0.0
5248,pet-unk-4dc48bbe,1,0,1,0.0,0,1,0.0,0.0,1,0,1.0,0.0,0,1,0.0,0.0
5249,desmethyl,1,0,1,0.0,0,1,0.0,0.0,1,0,1.0,0.0,0,1,0.0,0.0
5250,leftover,9,9,0,1.0,8,1,0.8889,0.8889,9,0,1.0,1.125,8,1,0.8889,1.0
5251,pv-002932008184,1,0,1,0.0,0,1,0.0,0.0,1,0,1.0,0.0,0,1,0.0,0.0
5252,trifluoromethyl,6,0,6,0.0,0,6,0.0,0.0,6,0,1.0,0.0,0,6,0.0,0.0
5253,dihydrouracil,13,0,13,0.0,0,13,0.0,0.0,13,0,1.0,0.0,0,13,0.0,0.0
5254,4-isoquinolinyl,3,0,3,0.0,0,3,0.0,0.0,3,0,1.0,0.0,0,3,0.0,0.0
5255,3-pyridinyl,12,0,12,0.0,0,12,0.0,0.0,12,0,1.0,0.0,0,12,0.0,0.0
5256,response,3,0,3,0.0,0,3,0.0,0.0,3,0,1.0,0.0,0,3,0.0,0.0
5257,feedback,3,0,3,0.0,0,3,0.0,0.0,3,0,1.0,0.0,0,3,0.0,0.0
5258,pet-unk-eda34f30-1,3,0,3,0.0,0,3,0.0,0.0,3,0,1.0,0.0,0,3,0.0,0.0
5259,applicable,8,0,8,0.0,0,8,0.0,0.0,8,0,1.0,0.0,0,8,0.0,0.0
5260,configurational,99,0,99,0.0,0,99,0.0,0.0,99,0,1.0,0.0,0,99,0.0,0.0
5261,racemization,8,0,8,0.0,0,8,0.0,0.0,8,0,1.0,0.0,0,8,0.0,0.0
5262,medchemica,65,38,27,0.5846,22,43,0.3385,0.5789,65,0,1.0,2.9545,22,43,0.3385,1.0
5263,utilising,40,0,40,0.0,0,40,0.0,0.0,40,0,1.0,0.0,0,40,0.0,0.0
5264,alp-pos-02c6a514-44,14,0,14,0.0,0,14,0.0,0.0,14,0,1.0,0.0,0,14,0.0,0.0
5265,registered,148,88,60,0.5946,87,61,0.5878,0.9886,148,0,1.0,1.7011,71,77,0.4797,0.8161
5266,alp-uni-dbbfd3db,23,22,1,0.9565,19,4,0.8261,0.8636,23,0,1.0,1.2105,19,4,0.8261,1.0
5267,hindered,18,17,1,0.9444,14,4,0.7778,0.8235,18,0,1.0,1.2857,14,4,0.7778,1.0
5268,mat-pos-53907a1c-3,8,0,8,0.0,0,8,0.0,0.0,8,0,1.0,0.0,0,8,0.0,0.0
5269,5-fold,8,0,8,0.0,0,8,0.0,0.0,8,0,1.0,0.0,0,8,0.0,0.0
5270,ambroxol,1,0,1,0.0,0,1,0.0,0.0,1,0,1.0,0.0,0,1,0.0,0.0
5271,edg-med-971238d3-5,26,0,26,0.0,0,26,0.0,0.0,26,0,1.0,0.0,0,26,0.0,0.0
5272,edj-med-92e193ae-1,19,0,19,0.0,0,19,0.0,0.0,19,0,1.0,0.0,0,19,0.0,0.0
5273,benzopyran-isoquinoline,3,0,3,0.0,0,3,0.0,0.0,3,0,1.0,0.0,0,3,0.0,0.0
5274,mat-pos-090737b9-1,7,0,7,0.0,0,7,0.0,0.0,7,0,1.0,0.0,0,7,0.0,0.0
5275,manifold,22,2,20,0.0909,0,22,0.0,0.0,22,0,1.0,0.0,0,22,0.0,0.0
5276,alp-uni-3496895b,16,16,0,1.0,7,9,0.4375,0.4375,16,0,1.0,2.2857,7,9,0.4375,1.0
5277,tideglusib,10,0,10,0.0,0,10,0.0,0.0,10,0,1.0,0.0,0,10,0.0,0.0
5278,promiscuous,10,0,10,0.0,0,10,0.0,0.0,10,0,1.0,0.0,0,10,0.0,0.0
5279,acsptsci,10,0,10,0.0,0,10,0.0,0.0,10,0,1.0,0.0,0,10,0.0,0.0
5280,vla-ucb-29506327-1,10,0,10,0.0,0,10,0.0,0.0,10,0,1.0,0.0,0,10,0.0,0.0
5281,perpendicular,3,0,3,0.0,0,3,0.0,0.0,3,0,1.0,0.0,0,3,0.0,0.0
5282,indoline,35,1,34,0.0286,0,35,0.0,0.0,35,0,1.0,0.0,0,35,0.0,0.0
5283,solubilising,20,0,20,0.0,0,20,0.0,0.0,20,0,1.0,0.0,0,20,0.0,0.0
5284,constraint,94,29,65,0.3085,26,68,0.2766,0.8966,94,0,1.0,3.6154,3,91,0.0319,0.1154
5285,scan,75,38,37,0.5067,35,40,0.4667,0.9211,75,0,1.0,2.1429,23,52,0.3067,0.6571
5286,achievable,9,0,9,0.0,0,9,0.0,0.0,9,0,1.0,0.0,0,9,0.0,0.0
5287,underexplored,2,0,2,0.0,0,2,0.0,0.0,2,0,1.0,0.0,0,2,0.0,0.0
5288,imide,12,0,12,0.0,0,12,0.0,0.0,12,0,1.0,0.0,0,12,0.0,0.0
5289,hybridize,4,0,4,0.0,0,4,0.0,0.0,4,0,1.0,0.0,0,4,0.0,0.0
5290,3-aminopyridine-like,13,0,13,0.0,0,13,0.0,0.0,13,0,1.0,0.0,0,13,0.0,0.0
5291,vla-ucb-1dbca3b4-10,4,0,4,0.0,0,4,0.0,0.0,4,0,1.0,0.0,0,4,0.0,0.0
5292,vla-unk-db5e3064-1,4,0,4,0.0,0,4,0.0,0.0,4,0,1.0,0.0,0,4,0.0,0.0
5293,energy-minimized,563,15,548,0.0266,10,553,0.0178,0.6667,563,0,1.0,56.3,10,553,0.0178,1.0
5294,greatest,4,0,4,0.0,0,4,0.0,0.0,4,0,1.0,0.0,0,4,0.0,0.0
5295,free-wilson,2,0,2,0.0,0,2,0.0,0.0,2,0,1.0,0.0,0,2,0.0,0.0
5296,buidling,4,2,2,0.5,2,2,0.5,1.0,4,0,1.0,2.0,2,2,0.5,1.0
5297,replacment,4,2,2,0.5,2,2,0.5,1.0,4,0,1.0,2.0,2,2,0.5,1.0
5298,ral-tha-4aa06b95-1,14,0,14,0.0,0,14,0.0,0.0,14,0,1.0,0.0,0,14,0.0,0.0
5299,immature,14,0,14,0.0,0,14,0.0,0.0,14,0,1.0,0.0,0,14,0.0,0.0
5300,alp-pos-869ac754-1,5,0,5,0.0,0,5,0.0,0.0,5,0,1.0,0.0,0,5,0.0,0.0
5301,alp-uni-3735e77e-2,5,0,5,0.0,0,5,0.0,0.0,5,0,1.0,0.0,0,5,0.0,0.0
5302,ortho-,9,0,9,0.0,0,9,0.0,0.0,9,0,1.0,0.0,0,9,0.0,0.0
5303,eri-ubc-d6de1f3c-2,3,0,3,0.0,0,3,0.0,0.0,3,0,1.0,0.0,0,3,0.0,0.0
5304,ada-uni-f8e79267-2,2,0,2,0.0,0,2,0.0,0.0,2,0,1.0,0.0,0,2,0.0,0.0
5305,eri-ucb-d6de1f3c-2,2,0,2,0.0,0,2,0.0,0.0,2,0,1.0,0.0,0,2,0.0,0.0
5306,triterpenoid,2,0,2,0.0,0,2,0.0,0.0,2,0,1.0,0.0,0,2,0.0,0.0
5307,tripertenoid,1,0,1,0.0,0,1,0.0,0.0,1,0,1.0,0.0,0,1,0.0,0.0
5308,-hydroxyaleuritolic,1,0,1,0.0,0,1,0.0,0.0,1,0,1.0,0.0,0,1,0.0,0.0
5309,3-p-hydroxybenzoate,1,0,1,0.0,0,1,0.0,0.0,1,0,1.0,0.0,0,1,0.0,0.0
5310,aescin,1,0,1,0.0,0,1,0.0,0.0,1,0,1.0,0.0,0,1,0.0,0.0
5311,re-synthesis,10,10,0,1.0,10,0,1.0,1.0,10,0,1.0,1.0,10,0,1.0,1.0
5312,chan,371,48,323,0.1294,37,334,0.0997,0.7708,371,0,1.0,10.027,23,348,0.062,0.6216
5313,lam,349,45,304,0.1289,33,316,0.0946,0.7333,349,0,1.0,10.5758,25,324,0.0716,0.7576
5314,storm,5,5,0,1.0,5,0,1.0,1.0,5,0,1.0,1.0,5,0,1.0,1.0
5315,hassell-hart,5,5,0,1.0,5,0,1.0,1.0,5,0,1.0,1.0,5,0,1.0,1.0
5316,antony,5,5,0,1.0,5,0,1.0,1.0,5,0,1.0,1.0,5,0,1.0,1.0
5317,today,5,5,0,1.0,5,0,1.0,1.0,5,0,1.0,1.0,5,0,1.0,1.0
5318,opportunity,10,9,1,0.9,9,1,0.9,1.0,10,0,1.0,1.1111,9,1,0.9,1.0
5319,leu-based,5,5,0,1.0,5,0,1.0,1.0,5,0,1.0,1.0,5,0,1.0,1.0
5320,like-for-like,5,5,0,1.0,5,0,1.0,1.0,5,0,1.0,1.0,5,0,1.0,1.0
5321,mcpp-like,5,5,0,1.0,5,0,1.0,1.0,5,0,1.0,1.0,5,0,1.0,1.0
5322,devoid,5,5,0,1.0,5,0,1.0,1.0,5,0,1.0,1.0,5,0,1.0,1.0
5323,meta-chlorophenylpiperazine,5,5,0,1.0,5,0,1.0,1.0,5,0,1.0,1.0,5,0,1.0,1.0
5324,aar-pos-d2a4d1df-1,21,1,20,0.0476,0,21,0.0,0.0,21,0,1.0,0.0,0,21,0.0,0.0
5325,pet-unk-29afea89-2,372,10,362,0.0269,4,368,0.0108,0.4,372,0,1.0,93.0,4,368,0.0108,1.0
5326,s-n,6,2,4,0.3333,0,6,0.0,0.0,6,0,1.0,0.0,0,6,0.0,0.0
5327,dar-dia-6a508060-13,1,1,0,1.0,0,1,0.0,0.0,1,0,1.0,0.0,0,1,0.0,0.0
5328,vla-ucb-1dbca3b4-18,6,0,6,0.0,0,6,0.0,0.0,6,0,1.0,0.0,0,6,0.0,0.0
5329,n-alkyl,23,0,23,0.0,0,23,0.0,0.0,23,0,1.0,0.0,0,23,0.0,0.0
5330,szybki,734,23,711,0.0313,16,718,0.0218,0.6957,734,0,1.0,45.875,16,718,0.0218,1.0
5331,openeye,23,4,19,0.1739,4,19,0.1739,1.0,23,0,1.0,5.75,4,19,0.1739,1.0
5332,pet-unk-e8933450-1,6,0,6,0.0,0,6,0.0,0.0,6,0,1.0,0.0,0,6,0.0,0.0
5333,thapsigargin,1,0,1,0.0,0,1,0.0,0.0,1,0,1.0,0.0,0,1,0.0,0.0
5334,lactoferrin,1,0,1,0.0,0,1,0.0,0.0,1,0,1.0,0.0,0,1,0.0,0.0
5335,magainin,1,0,1,0.0,0,1,0.0,0.0,1,0,1.0,0.0,0,1,0.0,0.0
5336,ciclesonide,1,0,1,0.0,0,1,0.0,0.0,1,0,1.0,0.0,0,1,0.0,0.0
5337,dermaseptin,1,0,1,0.0,0,1,0.0,0.0,1,0,1.0,0.0,0,1,0.0,0.0
5338,labile,3,0,3,0.0,0,3,0.0,0.0,3,0,1.0,0.0,0,3,0.0,0.0
5339,literature-known,1,0,1,0.0,0,1,0.0,0.0,1,0,1.0,0.0,0,1,0.0,0.0
5340,validate,11,0,11,0.0,0,11,0.0,0.0,11,0,1.0,0.0,0,11,0.0,0.0
5341,cordycepin,1,0,1,0.0,0,1,0.0,0.0,1,0,1.0,0.0,0,1,0.0,0.0
5342,cordyceps,1,0,1,0.0,0,1,0.0,0.0,1,0,1.0,0.0,0,1,0.0,0.0
5343,sinensis,1,0,1,0.0,0,1,0.0,0.0,1,0,1.0,0.0,0,1,0.0,0.0
5344,militaris,1,0,1,0.0,0,1,0.0,0.0,1,0,1.0,0.0,0,1,0.0,0.0
5345,fungus,1,0,1,0.0,0,1,0.0,0.0,1,0,1.0,0.0,0,1,0.0,0.0
5346,top2,2,0,2,0.0,0,2,0.0,0.0,2,0,1.0,0.0,0,2,0.0,0.0
5347,top3,2,0,2,0.0,0,2,0.0,0.0,2,0,1.0,0.0,0,2,0.0,0.0
5348,sprint5,2,0,2,0.0,0,2,0.0,0.0,2,0,1.0,0.0,0,2,0.0,0.0
5349,hypericin,1,0,1,0.0,0,1,0.0,0.0,1,0,1.0,0.0,0,1,0.0,0.0
5350,spirocycle,19,2,17,0.1053,0,19,0.0,0.0,19,0,1.0,0.0,0,19,0.0,0.0
5351,vla-unk-70dd90ef,1,1,0,1.0,0,1,0.0,0.0,1,0,1.0,0.0,0,1,0.0,0.0
5352,hydrolysis-recoupling,1,1,0,1.0,1,0,1.0,1.0,1,0,1.0,1.0,1,0,1.0,1.0
5353,rxn,1,1,0,1.0,1,0,1.0,1.0,1,0,1.0,1.0,1,0,1.0,1.0
5354,solid,354,5,349,0.0141,5,349,0.0141,1.0,354,0,1.0,70.8,5,349,0.0141,1.0
5355,clickable,5,5,0,1.0,5,0,1.0,1.0,5,0,1.0,1.0,5,0,1.0,1.0
5356,tag,231,26,205,0.1126,14,217,0.0606,0.5385,231,0,1.0,16.5,14,217,0.0606,1.0
5357,sterically,3,1,2,0.3333,1,2,0.3333,1.0,3,0,1.0,3.0,1,2,0.3333,1.0
5358,ben-dnd-c852c98b-5,1,0,1,0.0,0,1,0.0,0.0,1,0,1.0,0.0,0,1,0.0,0.0
5359,ral-tha-05e671eb-10,1,0,1,0.0,0,1,0.0,0.0,1,0,1.0,0.0,0,1,0.0,0.0
5360,piperazine-chloroacetamide,5,0,5,0.0,0,5,0.0,0.0,5,0,1.0,0.0,0,5,0.0,0.0
5361,mat-pos-e69ad64a-2,8,0,8,0.0,0,8,0.0,0.0,8,0,1.0,0.0,0,8,0.0,0.0
5362,bifurcated,2,1,1,0.5,0,2,0.0,0.0,2,0,1.0,0.0,0,2,0.0,0.0
5363,cf3o,7,3,4,0.4286,3,4,0.4286,1.0,7,0,1.0,2.3333,3,4,0.4286,1.0
5364,electron-withdrawing,81,6,75,0.0741,6,75,0.0741,1.0,81,0,1.0,13.5,6,75,0.0741,1.0
5365,cyp-catalyzed,3,3,0,1.0,3,0,1.0,1.0,3,0,1.0,1.0,3,0,1.0,1.0
5366,pet-unk-b87f07d0,3,3,0,1.0,3,0,1.0,1.0,3,0,1.0,1.0,3,0,1.0,1.0
5367,pet-unk-c5865d42,7,3,4,0.4286,3,4,0.4286,1.0,7,0,1.0,2.3333,3,4,0.4286,1.0
5368,acscentsci,47,4,43,0.0851,4,43,0.0851,1.0,47,0,1.0,11.75,4,43,0.0851,1.0
5369,dar-dia-5ff57136-9,6,0,6,0.0,0,6,0.0,0.0,6,0,1.0,0.0,0,6,0.0,0.0
5370,vla-ucb-34f3ed0c-16,17,10,7,0.5882,0,17,0.0,0.0,17,0,1.0,0.0,0,17,0.0,0.0
5371,peter,19,10,9,0.5263,0,19,0.0,0.0,19,0,1.0,0.0,0,19,0.0,0.0
5372,pet-unk-4880b143-1,40,11,29,0.275,0,40,0.0,0.0,40,0,1.0,0.0,0,40,0.0,0.0
5373,mat-pos-3b97339c-2,22,15,7,0.6818,5,17,0.2273,0.3333,22,0,1.0,4.4,5,17,0.2273,1.0
5374,jorgensen,4,0,4,0.0,0,4,0.0,0.0,4,0,1.0,0.0,0,4,0.0,0.0
5375,sculpting,4,0,4,0.0,0,4,0.0,0.0,4,0,1.0,0.0,0,4,0.0,0.0
5376,perturbation,4,0,4,0.0,0,4,0.0,0.0,4,0,1.0,0.0,0,4,0.0,0.0
5377,chun-hui,4,0,4,0.0,0,4,0.0,0.0,4,0,1.0,0.0,0,4,0.0,0.0
5378,elizabeth,4,0,4,0.0,0,4,0.0,0.0,4,0,1.0,0.0,0,4,0.0,0.0
5379,maya,4,0,4,0.0,0,4,0.0,0.0,4,0,1.0,0.0,0,4,0.0,0.0
5380,deshmukh,4,0,4,0.0,0,4,0.0,0.0,4,0,1.0,0.0,0,4,0.0,0.0
5381,joseph,4,0,4,0.0,0,4,0.0,0.0,4,0,1.0,0.0,0,4,0.0,0.0
5382,ippolito,4,0,4,0.0,0,4,0.0,0.0,4,0,1.0,0.0,0,4,0.0,0.0
5383,mohammad,4,0,4,0.0,0,4,0.0,0.0,4,0,1.0,0.0,0,4,0.0,0.0
5384,ghahremanpour,4,0,4,0.0,0,4,0.0,0.0,4,0,1.0,0.0,0,4,0.0,0.0
5385,julian,4,0,4,0.0,0,4,0.0,0.0,4,0,1.0,0.0,0,4,0.0,0.0
5386,tirado-rives,4,0,4,0.0,0,4,0.0,0.0,4,0,1.0,0.0,0,4,0.0,0.0
5387,krasimir,4,0,4,0.0,0,4,0.0,0.0,4,0,1.0,0.0,0,4,0.0,0.0
5388,spasov,4,0,4,0.0,0,4,0.0,0.0,4,0,1.0,0.0,0,4,0.0,0.0
5389,shuo,4,0,4,0.0,0,4,0.0,0.0,4,0,1.0,0.0,0,4,0.0,0.0
5390,yuka,4,0,4,0.0,0,4,0.0,0.0,4,0,1.0,0.0,0,4,0.0,0.0
5391,takeo,4,0,4,0.0,0,4,0.0,0.0,4,0,1.0,0.0,0,4,0.0,0.0
5392,shalley,4,0,4,0.0,0,4,0.0,0.0,4,0,1.0,0.0,0,4,0.0,0.0
5393,kudalkar,4,0,4,0.0,0,4,0.0,0.0,4,0,1.0,0.0,0,4,0.0,0.0
5394,zhuobin,4,0,4,0.0,0,4,0.0,0.0,4,0,1.0,0.0,0,4,0.0,0.0
5395,liang,4,0,4,0.0,0,4,0.0,0.0,4,0,1.0,0.0,0,4,0.0,0.0
5396,farren,4,0,4,0.0,0,4,0.0,0.0,4,0,1.0,0.0,0,4,0.0,0.0
5397,isaacs,4,0,4,0.0,0,4,0.0,0.0,4,0,1.0,0.0,0,4,0.0,0.0
5398,brett,4,0,4,0.0,0,4,0.0,0.0,4,0,1.0,0.0,0,4,0.0,0.0
5399,lindenbach,4,0,4,0.0,0,4,0.0,0.0,4,0,1.0,0.0,0,4,0.0,0.0
5400,scott,4,0,4,0.0,0,4,0.0,0.0,4,0,1.0,0.0,0,4,0.0,0.0
5401,miller,4,0,4,0.0,0,4,0.0,0.0,4,0,1.0,0.0,0,4,0.0,0.0
5402,karen,4,0,4,0.0,0,4,0.0,0.0,4,0,1.0,0.0,0,4,0.0,0.0
5403,anderson,4,0,4,0.0,0,4,0.0,0.0,4,0,1.0,0.0,0,4,0.0,0.0
5404,william,12,0,12,0.0,0,12,0.0,0.0,12,0,1.0,0.0,0,12,0.0,0.0
5405,sulfinates,13,2,11,0.1538,1,12,0.0769,0.5,13,0,1.0,13.0,1,12,0.0769,1.0
5406,smops,13,2,11,0.1538,1,12,0.0769,0.5,13,0,1.0,13.0,1,12,0.0769,1.0
5407,mouse,16,13,3,0.8125,7,9,0.4375,0.5385,16,0,1.0,2.2857,7,9,0.4375,1.0
5408,patents,1,1,0,1.0,1,0,1.0,1.0,1,0,1.0,1.0,1,0,1.0,1.0
5409,us-4305877-a,1,1,0,1.0,1,0,1.0,1.0,1,0,1.0,1.0,1,0,1.0,1.0
5410,covalentized,4,0,4,0.0,0,4,0.0,0.0,4,0,1.0,0.0,0,4,0.0,0.0
5411,instability,57,3,54,0.0526,1,56,0.0175,0.3333,57,0,1.0,57.0,1,56,0.0175,1.0
5412,cis-isomer,4,0,4,0.0,0,4,0.0,0.0,4,0,1.0,0.0,0,4,0.0,0.0
5413,somewheat,4,0,4,0.0,0,4,0.0,0.0,4,0,1.0,0.0,0,4,0.0,0.0
5414,wacky,4,0,4,0.0,0,4,0.0,0.0,4,0,1.0,0.0,0,4,0.0,0.0
5415,epioxidation,4,0,4,0.0,0,4,0.0,0.0,4,0,1.0,0.0,0,4,0.0,0.0
5416,n-1,5,0,5,0.0,0,5,0.0,0.0,5,0,1.0,0.0,0,5,0.0,0.0
5417,ring-closing,4,0,4,0.0,0,4,0.0,0.0,4,0,1.0,0.0,0,4,0.0,0.0
5418,n-2,56,6,50,0.1071,6,50,0.1071,1.0,56,0,1.0,9.3333,1,55,0.0179,0.1667
5419,vinylboronic,4,0,4,0.0,0,4,0.0,0.0,4,0,1.0,0.0,0,4,0.0,0.0
5420,aminoisoquinoline,67,3,64,0.0448,2,65,0.0299,0.6667,67,0,1.0,33.5,2,65,0.0299,1.0
5421,aldehyde-ester,4,0,4,0.0,0,4,0.0,0.0,4,0,1.0,0.0,0,4,0.0,0.0
5422,hydrocarbon,1,0,1,0.0,0,1,0.0,0.0,1,0,1.0,0.0,0,1,0.0,0.0
5423,famcivlovir,1,0,1,0.0,0,1,0.0,0.0,1,0,1.0,0.0,0,1,0.0,0.0
5424,sam-non-00e80a91-1,1,0,1,0.0,0,1,0.0,0.0,1,0,1.0,0.0,0,1,0.0,0.0
5425,khriesto,3,3,0,1.0,3,0,1.0,1.0,3,0,1.0,1.0,3,0,1.0,1.0
5426,mat-pos-a13804f0-4,48,7,41,0.1458,7,41,0.1458,1.0,48,0,1.0,6.8571,7,41,0.1458,1.0
5427,alp-uni-dbbfd3db-6_4,5,5,0,1.0,5,0,1.0,1.0,5,0,1.0,1.0,5,0,1.0,1.0
5428,elucidate,6,5,1,0.8333,5,1,0.8333,1.0,6,0,1.0,1.2,5,1,0.8333,1.0
5429,relaxation,5,5,0,1.0,5,0,1.0,1.0,5,0,1.0,1.0,5,0,1.0,1.0
5430,tighter,5,5,0,1.0,5,0,1.0,1.0,5,0,1.0,1.0,5,0,1.0,1.0
5431,cytochromes,1,0,1,0.0,0,1,0.0,0.0,1,0,1.0,0.0,0,1,0.0,0.0
5432,hop,104,31,73,0.2981,24,80,0.2308,0.7742,104,0,1.0,4.3333,14,90,0.1346,0.5833
5433,tetrahydroisoquinoline,101,7,94,0.0693,0,101,0.0,0.0,101,0,1.0,0.0,0,101,0.0,0.0
5434,thiq,19,1,18,0.0526,0,19,0.0,0.0,19,0,1.0,0.0,0,19,0.0,0.0
5435,hyun-soon,1,0,1,0.0,0,1,0.0,0.0,1,0,1.0,0.0,0,1,0.0,0.0
5436,chong,1,0,1,0.0,0,1,0.0,0.0,1,0,1.0,0.0,0,1,0.0,0.0
5437,chelator,1,0,1,0.0,0,1,0.0,0.0,1,0,1.0,0.0,0,1,0.0,0.0
5438,stereoselective,1,0,1,0.0,0,1,0.0,0.0,1,0,1.0,0.0,0,1,0.0,0.0
5439,coincidentally,1,0,1,0.0,0,1,0.0,0.0,1,0,1.0,0.0,0,1,0.0,0.0
5440,perform,421,51,370,0.1211,34,387,0.0808,0.6667,421,0,1.0,12.3824,15,406,0.0356,0.4412
5441,desres,1,0,1,0.0,0,1,0.0,0.0,1,0,1.0,0.0,0,1,0.0,0.0
5442,rotomer,2,0,2,0.0,0,2,0.0,0.0,2,0,1.0,0.0,0,2,0.0,0.0
5443,nir-the-5be8b355,9,1,8,0.1111,1,8,0.1111,1.0,9,0,1.0,9.0,1,8,0.1111,1.0
5444,en300-67513,2,2,0,1.0,1,1,0.5,0.5,2,0,1.0,2.0,1,1,0.5,1.0
5445,flatter,1,0,1,0.0,0,1,0.0,0.0,1,0,1.0,0.0,0,1,0.0,0.0
5446,dav-ill-03f0d021,1,0,1,0.0,0,1,0.0,0.0,1,0,1.0,0.0,0,1,0.0,0.0
5447,mat-pos-f9802937-8,1,0,1,0.0,0,1,0.0,0.0,1,0,1.0,0.0,0,1,0.0,0.0
5448,ml-optimised,41,25,16,0.6098,25,16,0.6098,1.0,41,0,1.0,1.64,25,16,0.6098,1.0
5449,ugi-hydrolysis-coupling,3,3,0,1.0,3,0,1.0,1.0,3,0,1.0,1.0,3,0,1.0,1.0
5450,mined,78,48,30,0.6154,35,43,0.4487,0.7292,78,0,1.0,2.2286,35,43,0.4487,1.0
5451,50um,2,0,2,0.0,0,2,0.0,0.0,2,0,1.0,0.0,0,2,0.0,0.0
5452,unexplored,2,0,2,0.0,0,2,0.0,0.0,2,0,1.0,0.0,0,2,0.0,0.0
5453,untried,1,0,1,0.0,0,1,0.0,0.0,1,0,1.0,0.0,0,1,0.0,0.0
5454,tetralone,8,3,5,0.375,2,6,0.25,0.6667,8,0,1.0,4.0,2,6,0.25,1.0
5455,mid-um,13,4,9,0.3077,3,10,0.2308,0.75,13,0,1.0,4.3333,3,10,0.2308,1.0
5456,tactic,50,1,49,0.02,1,49,0.02,1.0,50,0,1.0,50.0,1,49,0.02,1.0
5457,3-chlorobenzyl,61,2,59,0.0328,2,59,0.0328,1.0,61,0,1.0,30.5,2,59,0.0328,1.0
5458,dav-ill-89eb723b-1,9,0,9,0.0,0,9,0.0,0.0,9,0,1.0,0.0,0,9,0.0,0.0
5459,benzannulation,9,0,9,0.0,0,9,0.0,0.0,9,0,1.0,0.0,0,9,0.0,0.0
5460,exacerbate,9,0,9,0.0,0,9,0.0,0.0,9,0,1.0,0.0,0,9,0.0,0.0
5461,alp-uni-3735e77e-4,6,0,6,0.0,0,6,0.0,0.0,6,0,1.0,0.0,0,6,0.0,0.0
5462,multi-pronged,10,0,10,0.0,0,10,0.0,0.0,10,0,1.0,0.0,0,10,0.0,0.0
5463,ultra-large,10,0,10,0.0,0,10,0.0,0.0,10,0,1.0,0.0,0,10,0.0,0.0
5464,gorgulla,10,0,10,0.0,0,10,0.0,0.0,10,0,1.0,0.0,0,10,0.0,0.0
5465,iscience,10,0,10,0.0,0,10,0.0,0.0,10,0,1.0,0.0,0,10,0.0,0.0
5466,isci,10,0,10,0.0,0,10,0.0,0.0,10,0,1.0,0.0,0,10,0.0,0.0
5467,ultra-large-scale,10,0,10,0.0,0,10,0.0,0.0,10,0,1.0,0.0,0,10,0.0,0.0
5468,virtualflow,10,0,10,0.0,0,10,0.0,0.0,10,0,1.0,0.0,0,10,0.0,0.0
5469,roughly,19,0,19,0.0,0,19,0.0,0.0,19,0,1.0,0.0,0,19,0.0,0.0
5470,billion,23,13,10,0.5652,3,20,0.1304,0.2308,23,0,1.0,7.6667,0,23,0.0,0.0
5471,s2589-0042,10,0,10,0.0,0,10,0.0,0.0,10,0,1.0,0.0,0,10,0.0,0.0
5472,31218-9,10,0,10,0.0,0,10,0.0,0.0,10,0,1.0,0.0,0,10,0.0,0.0
5473,1-click,20,0,20,0.0,0,20,0.0,0.0,20,0,1.0,0.0,0,20,0.0,0.0
5474,cvd-0013192,3,0,3,0.0,0,3,0.0,0.0,3,0,1.0,0.0,0,3,0.0,0.0
5475,elaborate,34,3,31,0.0882,0,34,0.0,0.0,34,0,1.0,0.0,0,34,0.0,0.0
5476,productive,9,1,8,0.1111,1,8,0.1111,1.0,9,0,1.0,9.0,1,8,0.1111,1.0
5477,controlling,4,0,4,0.0,0,4,0.0,0.0,4,0,1.0,0.0,0,4,0.0,0.0
5478,a-chain,20,1,19,0.05,0,20,0.0,0.0,20,0,1.0,0.0,0,20,0.0,0.0
5479,donation,14,0,14,0.0,0,14,0.0,0.0,14,0,1.0,0.0,0,14,0.0,0.0
5480,mat-pos-de59a476-4,4,0,4,0.0,0,4,0.0,0.0,4,0,1.0,0.0,0,4,0.0,0.0
5481,b-chain,4,0,4,0.0,0,4,0.0,0.0,4,0,1.0,0.0,0,4,0.0,0.0
5482,pet-unk-824b5c6a,8,0,8,0.0,0,8,0.0,0.0,8,0,1.0,0.0,0,8,0.0,0.0
5483,leeds,10,0,10,0.0,0,10,0.0,0.0,10,0,1.0,0.0,0,10,0.0,0.0
5484,7cbt,10,0,10,0.0,0,10,0.0,0.0,10,0,1.0,0.0,0,10,0.0,0.0
5485,anti-mpro,1,0,1,0.0,0,1,0.0,0.0,1,0,1.0,0.0,0,1,0.0,0.0
5486,mat-pos-3ccb8ef6-1,23,0,23,0.0,0,23,0.0,0.0,23,0,1.0,0.0,0,23,0.0,0.0
5487,error,34,1,33,0.0294,1,33,0.0294,1.0,34,0,1.0,34.0,0,34,0.0,0.0
5488,reprioritization,15,0,15,0.0,0,15,0.0,0.0,15,0,1.0,0.0,0,15,0.0,0.0
5489,ciral,15,0,15,0.0,0,15,0.0,0.0,15,0,1.0,0.0,0,15,0.0,0.0
5490,mitigate,8,0,8,0.0,0,8,0.0,0.0,8,0,1.0,0.0,0,8,0.0,0.0
5491,sulfolane,3,0,3,0.0,0,3,0.0,0.0,3,0,1.0,0.0,0,3,0.0,0.0
5492,receiver,4,0,4,0.0,0,4,0.0,0.0,4,0,1.0,0.0,0,4,0.0,0.0
5493,phytochemical,4,0,4,0.0,0,4,0.0,0.0,4,0,1.0,0.0,0,4,0.0,0.0
5494,amazonian,4,0,4,0.0,0,4,0.0,0.0,4,0,1.0,0.0,0,4,0.0,0.0
5495,flora,4,0,4,0.0,0,4,0.0,0.0,4,0,1.0,0.0,0,4,0.0,0.0
5496,anti-inflammatory,4,0,4,0.0,0,4,0.0,0.0,4,0,1.0,0.0,0,4,0.0,0.0
5497,symptoms,4,0,4,0.0,0,4,0.0,0.0,4,0,1.0,0.0,0,4,0.0,0.0
5498,ml-docking,24,22,2,0.9167,1,23,0.0417,0.0455,24,0,1.0,24.0,1,23,0.0417,1.0
5499,pet-unk-bb7ffe78,5,0,5,0.0,0,5,0.0,0.0,5,0,1.0,0.0,0,5,0.0,0.0
5500,difluorinated,4,0,4,0.0,0,4,0.0,0.0,4,0,1.0,0.0,0,4,0.0,0.0
5501,re-submission,20,0,20,0.0,0,20,0.0,0.0,20,0,1.0,0.0,0,20,0.0,0.0
5502,mic-unk-16ccb665-1,4,0,4,0.0,0,4,0.0,0.0,4,0,1.0,0.0,0,4,0.0,0.0
5503,labelled,7,0,7,0.0,0,7,0.0,0.0,7,0,1.0,0.0,0,7,0.0,0.0
5504,awaiting,4,0,4,0.0,0,4,0.0,0.0,4,0,1.0,0.0,0,4,0.0,0.0
5505,committing,9,0,9,0.0,0,9,0.0,0.0,9,0,1.0,0.0,0,9,0.0,0.0
5506,o-alkylation,20,0,20,0.0,0,20,0.0,0.0,20,0,1.0,0.0,0,20,0.0,0.0
5507,communicates,3,1,2,0.3333,1,2,0.3333,1.0,3,0,1.0,3.0,1,2,0.3333,1.0
5508,sensitive,3,1,2,0.3333,1,2,0.3333,1.0,3,0,1.0,3.0,1,2,0.3333,1.0
5509,ben-dnd-c852c98b-1,9,1,8,0.1111,1,8,0.1111,1.0,9,0,1.0,9.0,1,8,0.1111,1.0
5510,redirecting,3,1,2,0.3333,1,2,0.3333,1.0,3,0,1.0,3.0,1,2,0.3333,1.0
5511,mat-pos-3b536971-1,3,1,2,0.3333,1,2,0.3333,1.0,3,0,1.0,3.0,1,2,0.3333,1.0
5512,confer,11,1,10,0.0909,1,10,0.0909,1.0,11,0,1.0,11.0,1,10,0.0909,1.0
5513,5-cyano,25,1,24,0.04,1,24,0.04,1.0,25,0,1.0,25.0,1,24,0.04,1.0
5514,hit-to-lead,9,9,0,1.0,9,0,1.0,1.0,9,0,1.0,1.0,9,0,1.0,1.0
5515,lassbio-1945,9,9,0,1.0,9,0,1.0,1.0,9,0,1.0,1.0,9,0,1.0,1.0
5516,rapidfire,24,12,12,0.5,12,12,0.5,1.0,24,0,1.0,2.0,12,12,0.5,1.0
5517,byproduct,4,4,0,1.0,4,0,1.0,1.0,4,0,1.0,1.0,4,0,1.0,1.0
5518,blend,2,0,2,0.0,0,2,0.0,0.0,2,0,1.0,0.0,0,2,0.0,0.0
5519,100nm,2,0,2,0.0,0,2,0.0,0.0,2,0,1.0,0.0,0,2,0.0,0.0
5520,520nm,2,0,2,0.0,0,2,0.0,0.0,2,0,1.0,0.0,0,2,0.0,0.0
5521,wang,11,0,11,0.0,0,11,0.0,0.0,11,0,1.0,0.0,0,11,0.0,0.0
5522,senational,2,0,2,0.0,0,2,0.0,0.0,2,0,1.0,0.0,0,2,0.0,0.0
5523,80nm,4,0,4,0.0,0,4,0.0,0.0,4,0,1.0,0.0,0,4,0.0,0.0
5524,mat-pos-dd3ad2b5-4,35,7,28,0.2,3,32,0.0857,0.4286,35,0,1.0,11.6667,3,32,0.0857,1.0
5525,ewg,1,1,0,1.0,0,1,0.0,0.0,1,0,1.0,0.0,0,1,0.0,0.0
5526,sweet,8,1,7,0.125,0,8,0.0,0.0,8,0,1.0,0.0,0,8,0.0,0.0
5527,c7-substituted,5,0,5,0.0,0,5,0.0,0.0,5,0,1.0,0.0,0,5,0.0,0.0
5528,c6-fluoro,5,0,5,0.0,0,5,0.0,0.0,5,0,1.0,0.0,0,5,0.0,0.0
5529,edj-med-611d11e7-4,5,0,5,0.0,0,5,0.0,0.0,5,0,1.0,0.0,0,5,0.0,0.0
5530,turnover,5,0,5,0.0,0,5,0.0,0.0,5,0,1.0,0.0,0,5,0.0,0.0
5531,3-5,89,5,84,0.0562,3,86,0.0337,0.6,89,0,1.0,29.6667,3,86,0.0337,1.0
5532,edj-med-841e0cf0,12,0,12,0.0,0,12,0.0,0.0,12,0,1.0,0.0,0,12,0.0,0.0
5533,pf-00835231,4,0,4,0.0,0,4,0.0,0.0,4,0,1.0,0.0,0,4,0.0,0.0
5534,whereas,4,0,4,0.0,0,4,0.0,0.0,4,0,1.0,0.0,0,4,0.0,0.0
5535,cen,3739,94,3645,0.0251,67,3672,0.0179,0.7128,3739,0,1.0,55.806,47,3692,0.0126,0.7015
5536,drug-discovery,4,0,4,0.0,0,4,0.0,0.0,4,0,1.0,0.0,0,4,0.0,0.0
5537,pfizers-novel-covid-19-antiviral,4,0,4,0.0,0,4,0.0,0.0,4,0,1.0,0.0,0,4,0.0,0.0
5538,mcule,5,0,5,0.0,0,5,0.0,0.0,5,0,1.0,0.0,0,5,0.0,0.0
5539,skeletons,5,0,5,0.0,0,5,0.0,0.0,5,0,1.0,0.0,0,5,0.0,0.0
5540,revisiting,5,0,5,0.0,0,5,0.0,0.0,5,0,1.0,0.0,0,5,0.0,0.0
5541,quinolinone,9,1,8,0.1111,0,9,0.0,0.0,9,0,1.0,0.0,0,9,0.0,0.0
5542,indolone,5,0,5,0.0,0,5,0.0,0.0,5,0,1.0,0.0,0,5,0.0,0.0
5543,proximate,301,19,282,0.0631,15,286,0.0498,0.7895,301,0,1.0,20.0667,10,291,0.0332,0.6667
5544,pka,105,17,88,0.1619,9,96,0.0857,0.5294,105,0,1.0,11.6667,9,96,0.0857,1.0
5545,opioid,5,4,1,0.8,0,5,0.0,0.0,5,0,1.0,0.0,0,5,0.0,0.0
5546,pharmacology,7,5,2,0.7143,0,7,0.0,0.0,7,0,1.0,0.0,0,7,0.0,0.0
5547,6-fluoro,56,1,55,0.0179,1,55,0.0179,1.0,56,0,1.0,56.0,1,55,0.0179,1.0
5548,syzbki,12,0,12,0.0,0,12,0.0,0.0,12,0,1.0,0.0,0,12,0.0,0.0
5549,artifact,8,0,8,0.0,0,8,0.0,0.0,8,0,1.0,0.0,0,8,0.0,0.0
5550,mystery,1,0,1,0.0,0,1,0.0,0.0,1,0,1.0,0.0,0,1,0.0,0.0
5551,pet-unk-bb7ffe78-3,1,0,1,0.0,0,1,0.0,0.0,1,0,1.0,0.0,0,1,0.0,0.0
5552,cyanomethyl,7,1,6,0.1429,0,7,0.0,0.0,7,0,1.0,0.0,0,7,0.0,0.0
5553,aminoacetonitrile,7,1,6,0.1429,0,7,0.0,0.0,7,0,1.0,0.0,0,7,0.0,0.0
5554,jo01098a603,7,1,6,0.1429,0,7,0.0,0.0,7,0,1.0,0.0,0,7,0.0,0.0
5555,lysosomal,2,1,1,0.5,0,2,0.0,0.0,2,0,1.0,0.0,0,2,0.0,0.0
5556,accumulation,2,1,1,0.5,0,2,0.0,0.0,2,0,1.0,0.0,0,2,0.0,0.0
5557,supplement,2,1,1,0.5,0,2,0.0,0.0,2,0,1.0,0.0,0,2,0.0,0.0
5558,edj-med-009f762b,2,1,1,0.5,0,2,0.0,0.0,2,0,1.0,0.0,0,2,0.0,0.0
5559,mat-pos-dd3ad2b5-2,17,1,16,0.0588,0,17,0.0,0.0,17,0,1.0,0.0,0,17,0.0,0.0
5560,neither,2,1,1,0.5,0,2,0.0,0.0,2,0,1.0,0.0,0,2,0.0,0.0
5561,edj-med-670ad2ee-3,5,0,5,0.0,0,5,0.0,0.0,5,0,1.0,0.0,0,5,0.0,0.0
5562,methylsufonyl,5,0,5,0.0,0,5,0.0,0.0,5,0,1.0,0.0,0,5,0.0,0.0
5563,n-acetyl,28,0,28,0.0,0,28,0.0,0.0,28,0,1.0,0.0,0,28,0.0,0.0
5564,1-5,62,13,49,0.2097,11,51,0.1774,0.8462,62,0,1.0,5.6364,6,56,0.0968,0.5455
5565,n-ms,1,1,0,1.0,0,1,0.0,0.0,1,0,1.0,0.0,0,1,0.0,0.0
5566,don,788,219,569,0.2779,195,593,0.2475,0.8904,788,0,1.0,4.041,70,718,0.0888,0.359
5567,equivalents,16,2,14,0.125,2,14,0.125,1.0,16,0,1.0,8.0,0,16,0.0,0.0
5568,meo,18,3,15,0.1667,3,15,0.1667,1.0,18,0,1.0,6.0,2,16,0.1111,0.6667
5569,3-6,80,2,78,0.025,2,78,0.025,1.0,80,0,1.0,40.0,2,78,0.025,1.0
5570,9-12,8,0,8,0.0,0,8,0.0,0.0,8,0,1.0,0.0,0,8,0.0,0.0
5571,bromoisoquinoline,1,0,1,0.0,0,1,0.0,0.0,1,0,1.0,0.0,0,1,0.0,0.0
5572,carbonitrile,14,3,11,0.2143,1,13,0.0714,0.3333,14,0,1.0,14.0,0,14,0.0,0.0
5573,4-bromoisoquinoline,1,0,1,0.0,0,1,0.0,0.0,1,0,1.0,0.0,0,1,0.0,0.0
5574,nasa,4,0,4,0.0,0,4,0.0,0.0,4,0,1.0,0.0,0,4,0.0,0.0
5575,suppression,4,0,4,0.0,0,4,0.0,0.0,4,0,1.0,0.0,0,4,0.0,0.0
5576,small-molecule,15,11,4,0.7333,8,7,0.5333,0.7273,15,0,1.0,1.875,1,14,0.0667,0.125
5577,tsuyoshi,4,0,4,0.0,0,4,0.0,0.0,4,0,1.0,0.0,0,4,0.0,0.0
5578,ueda,4,0,4,0.0,0,4,0.0,0.0,4,0,1.0,0.0,0,4,0.0,0.0
5579,tomonori,4,0,4,0.0,0,4,0.0,0.0,4,0,1.0,0.0,0,4,0.0,0.0
5580,tamura,4,0,4,0.0,0,4,0.0,0.0,4,0,1.0,0.0,0,4,0.0,0.0
5581,masaharu,4,0,4,0.0,0,4,0.0,0.0,4,0,1.0,0.0,0,4,0.0,0.0
5582,kawano,4,0,4,0.0,0,4,0.0,0.0,4,0,1.0,0.0,0,4,0.0,0.0
5583,keiya,4,0,4,0.0,0,4,0.0,0.0,4,0,1.0,0.0,0,4,0.0,0.0
5584,shiono,4,0,4,0.0,0,4,0.0,0.0,4,0,1.0,0.0,0,4,0.0,0.0
5585,fruzsina,4,0,4,0.0,0,4,0.0,0.0,4,0,1.0,0.0,0,4,0.0,0.0
5586,hobor,4,0,4,0.0,0,4,0.0,0.0,4,0,1.0,0.0,0,4,0.0,0.0
5587,andrew,31,1,30,0.0323,1,30,0.0323,1.0,31,0,1.0,31.0,1,30,0.0323,1.0
5588,wilson,6,0,6,0.0,0,6,0.0,0.0,6,0,1.0,0.0,0,6,0.0,0.0
5589,itaru,4,0,4,0.0,0,4,0.0,0.0,4,0,1.0,0.0,0,4,0.0,0.0
5590,hamachi,4,0,4,0.0,0,4,0.0,0.0,4,0,1.0,0.0,0,4,0.0,0.0
5591,tyr,72,4,68,0.0556,3,69,0.0417,0.75,72,0,1.0,24.0,2,70,0.0278,0.6667
5592,non-cys,4,0,4,0.0,0,4,0.0,0.0,4,0,1.0,0.0,0,4,0.0,0.0
5593,spaced,4,0,4,0.0,0,4,0.0,0.0,4,0,1.0,0.0,0,4,0.0,0.0
5594,-coch,4,0,4,0.0,0,4,0.0,0.0,4,0,1.0,0.0,0,4,0.0,0.0
5595,edg-med-4c68219f-12,6,0,6,0.0,0,6,0.0,0.0,6,0,1.0,0.0,0,6,0.0,0.0
5596,cho-msk-5891c1ff-10,6,0,6,0.0,0,6,0.0,0.0,6,0,1.0,0.0,0,6,0.0,0.0
5597,ch2-azole,6,0,6,0.0,0,6,0.0,0.0,6,0,1.0,0.0,0,6,0.0,0.0
5598,freer,6,0,6,0.0,0,6,0.0,0.0,6,0,1.0,0.0,0,6,0.0,0.0
5599,ch2-amide,6,0,6,0.0,0,6,0.0,0.0,6,0,1.0,0.0,0,6,0.0,0.0
5600,recommendation,118,4,114,0.0339,2,116,0.0169,0.5,118,0,1.0,59.0,2,116,0.0169,1.0
5601,pet-unk-49566573-1,10,1,9,0.1,0,10,0.0,0.0,10,0,1.0,0.0,0,10,0.0,0.0
5602,pet-unk-49566573-2,10,1,9,0.1,0,10,0.0,0.0,10,0,1.0,0.0,0,10,0.0,0.0
5603,homologs,6,0,6,0.0,0,6,0.0,0.0,6,0,1.0,0.0,0,6,0.0,0.0
5604,5-6,15,0,15,0.0,0,15,0.0,0.0,15,0,1.0,0.0,0,15,0.0,0.0
5605,7-18,6,0,6,0.0,0,6,0.0,0.0,6,0,1.0,0.0,0,6,0.0,0.0
5606,1-benzisoxazole,2,0,2,0.0,0,2,0.0,0.0,2,0,1.0,0.0,0,2,0.0,0.0
5607,jin-pos-6dc588a4-8,2,0,2,0.0,0,2,0.0,0.0,2,0,1.0,0.0,0,2,0.0,0.0
5608,3-triazole,4,1,3,0.25,0,4,0.0,0.0,4,0,1.0,0.0,0,4,0.0,0.0
5609,4-oxadiazole,19,1,18,0.0526,0,19,0.0,0.0,19,0,1.0,0.0,0,19,0.0,0.0
5610,4-thiadazole,4,1,3,0.25,0,4,0.0,0.0,4,0,1.0,0.0,0,4,0.0,0.0
5611,6-9,15,1,14,0.0667,0,15,0.0,0.0,15,0,1.0,0.0,0,15,0.0,0.0
5612,chs,1,0,1,0.0,0,1,0.0,0.0,1,0,1.0,0.0,0,1,0.0,0.0
5613,difluorination,1,0,1,0.0,0,1,0.0,0.0,1,0,1.0,0.0,0,1,0.0,0.0
5614,pet-unk-acd70dee-3,4,0,4,0.0,0,4,0.0,0.0,4,0,1.0,0.0,0,4,0.0,0.0
5615,sulfur-based,2,0,2,0.0,0,2,0.0,0.0,2,0,1.0,0.0,0,2,0.0,0.0
5616,pet-unk-9bf1291a-1,2,0,2,0.0,0,2,0.0,0.0,2,0,1.0,0.0,0,2,0.0,0.0
5617,powerful,2,0,2,0.0,0,2,0.0,0.0,2,0,1.0,0.0,0,2,0.0,0.0
5618,alkoxylates,2,0,2,0.0,0,2,0.0,0.0,2,0,1.0,0.0,0,2,0.0,0.0
5619,counterparts,2,0,2,0.0,0,2,0.0,0.0,2,0,1.0,0.0,0,2,0.0,0.0
5620,ben-dnd-c852c98b-10,6,0,6,0.0,0,6,0.0,0.0,6,0,1.0,0.0,0,6,0.0,0.0
5621,tetrahydronapthyridine,6,0,6,0.0,0,6,0.0,0.0,6,0,1.0,0.0,0,6,0.0,0.0
5622,asn14,108,6,102,0.0556,6,102,0.0556,1.0,108,0,1.0,18.0,3,105,0.0278,0.5
5623,alp-uni-8d415491-2,6,0,6,0.0,0,6,0.0,0.0,6,0,1.0,0.0,0,6,0.0,0.0
5624,antagonise,5,0,5,0.0,0,5,0.0,0.0,5,0,1.0,0.0,0,5,0.0,0.0
5625,dihalo,5,0,5,0.0,0,5,0.0,0.0,5,0,1.0,0.0,0,5,0.0,0.0
5626,mic-unk-5d22d78d-1,2,0,2,0.0,0,2,0.0,0.0,2,0,1.0,0.0,0,2,0.0,0.0
5627,unconvincing,6,0,6,0.0,0,6,0.0,0.0,6,0,1.0,0.0,0,6,0.0,0.0
5628,destabilizing,2,0,2,0.0,0,2,0.0,0.0,2,0,1.0,0.0,0,2,0.0,0.0
5629,4-5,85,1,84,0.0118,1,84,0.0118,1.0,85,0,1.0,85.0,1,84,0.0118,1.0
5630,cyclise,4,4,0,1.0,3,1,0.75,0.75,4,0,1.0,1.3333,3,1,0.75,1.0
5631,edj-med-d08626de-1back,2,1,1,0.5,1,1,0.5,1.0,2,0,1.0,2.0,1,1,0.5,1.0
5632,bicyclo,22,18,4,0.8182,15,7,0.6818,0.8333,22,0,1.0,1.4667,15,7,0.6818,1.0
5633,des-chloro,2,1,1,0.5,1,1,0.5,1.0,2,0,1.0,2.0,1,1,0.5,1.0
5634,benchmark,25,2,23,0.08,2,23,0.08,1.0,25,0,1.0,12.5,2,23,0.08,1.0
5635,diels,2,1,1,0.5,1,1,0.5,1.0,2,0,1.0,2.0,1,1,0.5,1.0
5636,alder,2,1,1,0.5,1,1,0.5,1.0,2,0,1.0,2.0,1,1,0.5,1.0
5637,cycloaddition,9,1,8,0.1111,1,8,0.1111,1.0,9,0,1.0,9.0,1,8,0.1111,1.0
5638,benzyne,2,1,1,0.5,1,1,0.5,1.0,2,0,1.0,2.0,1,1,0.5,1.0
5639,anthranilic,2,1,1,0.5,1,1,0.5,1.0,2,0,1.0,2.0,1,1,0.5,1.0
5640,preparing,2,1,1,0.5,1,1,0.5,1.0,2,0,1.0,2.0,1,1,0.5,1.0
5641,halogenated,2,1,1,0.5,1,1,0.5,1.0,2,0,1.0,2.0,1,1,0.5,1.0
5642,rotate,40,3,37,0.075,1,39,0.025,0.3333,40,0,1.0,40.0,1,39,0.025,1.0
5643,tackling,18,2,16,0.1111,0,18,0.0,0.0,18,0,1.0,0.0,0,18,0.0,0.0
5644,driver,18,2,16,0.1111,0,18,0.0,0.0,18,0,1.0,0.0,0,18,0.0,0.0
5645,alos,18,2,16,0.1111,0,18,0.0,0.0,18,0,1.0,0.0,0,18,0.0,0.0
5646,methylsulfone,18,2,16,0.1111,0,18,0.0,0.0,18,0,1.0,0.0,0,18,0.0,0.0
5647,clc1,18,0,18,0.0,0,18,0.0,0.0,18,0,1.0,0.0,0,18,0.0,0.0
5648,c1cl,105,0,105,0.0,0,105,0.0,0.0,105,0,1.0,0.0,0,105,0.0,0.0
5649,formulation,9,0,9,0.0,0,9,0.0,0.0,9,0,1.0,0.0,0,9,0.0,0.0
5650,cyclodextrin,9,0,9,0.0,0,9,0.0,0.0,9,0,1.0,0.0,0,9,0.0,0.0
5651,auseful,9,0,9,0.0,0,9,0.0,0.0,9,0,1.0,0.0,0,9,0.0,0.0
5652,intermeidate,9,0,9,0.0,0,9,0.0,0.0,9,0,1.0,0.0,0,9,0.0,0.0
5653,edj-med-923a35c2-2,4,2,2,0.5,1,3,0.25,0.5,4,0,1.0,4.0,1,3,0.25,1.0
5654,ben-dnd-d1eb1f41,5,0,5,0.0,0,5,0.0,0.0,5,0,1.0,0.0,0,5,0.0,0.0
5655,cleaved,5,0,5,0.0,0,5,0.0,0.0,5,0,1.0,0.0,0,5,0.0,0.0
5656,minus,40,0,40,0.0,0,40,0.0,0.0,40,0,1.0,0.0,0,40,0.0,0.0
5657,methoxyl,5,0,5,0.0,0,5,0.0,0.0,5,0,1.0,0.0,0,5,0.0,0.0
5658,s-oxide,5,0,5,0.0,0,5,0.0,0.0,5,0,1.0,0.0,0,5,0.0,0.0
5659,thioacetal,5,0,5,0.0,0,5,0.0,0.0,5,0,1.0,0.0,0,5,0.0,0.0
5660,pet-unk-3bb57da2-3,1,0,1,0.0,0,1,0.0,0.0,1,0,1.0,0.0,0,1,0.0,0.0
5661,pet-unk-3bb57da2-4,1,0,1,0.0,0,1,0.0,0.0,1,0,1.0,0.0,0,1,0.0,0.0
5662,ed_-gri-5b13fbe2-72,1,0,1,0.0,0,1,0.0,0.0,1,0,1.0,0.0,0,1,0.0,0.0
5663,p1-isoquinoline,42,2,40,0.0476,1,41,0.0238,0.5,42,0,1.0,42.0,1,41,0.0238,1.0
5664,competition,47,2,45,0.0426,1,46,0.0213,0.5,47,0,1.0,47.0,1,46,0.0213,1.0
5665,aza-substituent,49,4,45,0.0816,3,46,0.0612,0.75,49,0,1.0,16.3333,3,46,0.0612,1.0
5666,weaken,93,8,85,0.086,5,88,0.0538,0.625,93,0,1.0,18.6,5,88,0.0538,1.0
5667,pkbhx,31,2,29,0.0645,1,30,0.0323,0.5,31,0,1.0,31.0,1,30,0.0323,1.0
5668,2-methoxypyridine,31,2,29,0.0645,1,30,0.0323,0.5,31,0,1.0,31.0,1,30,0.0323,1.0
5669,strengthen,31,2,29,0.0645,1,30,0.0323,0.5,31,0,1.0,31.0,1,30,0.0323,1.0
5670,offsetting,31,2,29,0.0645,1,30,0.0323,0.5,31,0,1.0,31.0,1,30,0.0323,1.0
5671,6-aminoisoquinoline,57,3,54,0.0526,2,55,0.0351,0.6667,57,0,1.0,28.5,2,55,0.0351,1.0
5672,7-aminoisoquinoline,42,2,40,0.0476,1,41,0.0238,0.5,42,0,1.0,42.0,1,41,0.0238,1.0
5673,jo00972a031,57,3,54,0.0526,2,55,0.0351,0.6667,57,0,1.0,28.5,2,55,0.0351,1.0
5674,6-methoxy,31,2,29,0.0645,1,30,0.0323,0.5,31,0,1.0,31.0,1,30,0.0323,1.0
5675,7-aza,63,3,60,0.0476,2,61,0.0317,0.6667,63,0,1.0,31.5,2,61,0.0317,1.0
5676,disubstitution,31,2,29,0.0645,1,30,0.0323,0.5,31,0,1.0,31.0,1,30,0.0323,1.0
5677,6-aza,66,4,62,0.0606,1,65,0.0152,0.25,66,0,1.0,66.0,1,65,0.0152,1.0
5678,7-methoxy,31,2,29,0.0645,1,30,0.0323,0.5,31,0,1.0,31.0,1,30,0.0323,1.0
5679,6-methoxy-2,31,2,29,0.0645,1,30,0.0323,0.5,31,0,1.0,31.0,1,30,0.0323,1.0
5680,7-naphthyridine,31,2,29,0.0645,1,30,0.0323,0.5,31,0,1.0,31.0,1,30,0.0323,1.0
5681,7-methoxy-2,31,2,29,0.0645,1,30,0.0323,0.5,31,0,1.0,31.0,1,30,0.0323,1.0
5682,6-naphthyridine,31,2,29,0.0645,1,30,0.0323,0.5,31,0,1.0,31.0,1,30,0.0323,1.0
5683,1-16,47,2,45,0.0426,1,46,0.0213,0.5,47,0,1.0,47.0,1,46,0.0213,1.0
5684,3-18,47,2,45,0.0426,1,46,0.0213,0.5,47,0,1.0,47.0,1,46,0.0213,1.0
5685,21-35,31,2,29,0.0645,1,30,0.0323,0.5,31,0,1.0,31.0,1,30,0.0323,1.0
5686,17-32,31,2,29,0.0645,1,30,0.0323,0.5,31,0,1.0,31.0,1,30,0.0323,1.0
5687,closing,6,0,6,0.0,0,6,0.0,0.0,6,0,1.0,0.0,0,6,0.0,0.0
5688,fluoro-substitution,11,0,11,0.0,0,11,0.0,0.0,11,0,1.0,0.0,0,11,0.0,0.0
5689,inherently,11,0,11,0.0,0,11,0.0,0.0,11,0,1.0,0.0,0,11,0.0,0.0
5690,vulnerable,15,0,15,0.0,0,15,0.0,0.0,15,0,1.0,0.0,0,15,0.0,0.0
5691,prudent,11,0,11,0.0,0,11,0.0,0.0,11,0,1.0,0.0,0,11,0.0,0.0
5692,7-fluoro,97,1,96,0.0103,1,96,0.0103,1.0,97,0,1.0,97.0,1,96,0.0103,1.0
5693,6-fluoroisoquinoline,11,0,11,0.0,0,11,0.0,0.0,11,0,1.0,0.0,0,11,0.0,0.0
5694,advance,11,0,11,0.0,0,11,0.0,0.0,11,0,1.0,0.0,0,11,0.0,0.0
5695,7-11,11,0,11,0.0,0,11,0.0,0.0,11,0,1.0,0.0,0,11,0.0,0.0
5696,3-8,75,5,70,0.0667,5,70,0.0667,1.0,75,0,1.0,15.0,0,75,0.0,0.0
5697,11-15,11,0,11,0.0,0,11,0.0,0.0,11,0,1.0,0.0,0,11,0.0,0.0
5698,acetyl-tetrahydroisoquinolines,15,0,15,0.0,0,15,0.0,0.0,15,0,1.0,0.0,0,15,0.0,0.0
5699,oxadiazole,19,1,18,0.0526,0,19,0.0,0.0,19,0,1.0,0.0,0,19,0.0,0.0
5700,non-hydrolyzable,15,0,15,0.0,0,15,0.0,0.0,15,0,1.0,0.0,0,15,0.0,0.0
5701,4-7,15,0,15,0.0,0,15,0.0,0.0,15,0,1.0,0.0,0,15,0.0,0.0
5702,boström,15,0,15,0.0,0,15,0.0,0.0,15,0,1.0,0.0,0,15,0.0,0.0
5703,2fjm2013248,15,0,15,0.0,0,15,0.0,0.0,15,0,1.0,0.0,0,15,0.0,0.0
5704,goldberg,15,0,15,0.0,0,15,0.0,0.0,15,0,1.0,0.0,0,15,0.0,0.0
5705,c2md20054f,15,0,15,0.0,0,15,0.0,0.0,15,0,1.0,0.0,0,15,0.0,0.0
5706,pet-unk-9bf1291a-3,15,0,15,0.0,0,15,0.0,0.0,15,0,1.0,0.0,0,15,0.0,0.0
5707,6-20,15,0,15,0.0,0,15,0.0,0.0,15,0,1.0,0.0,0,15,0.0,0.0
5708,1-15,26,0,26,0.0,0,26,0.0,0.0,26,0,1.0,0.0,0,26,0.0,0.0
5709,mat-pos-ec6d90b7-6,6,0,6,0.0,0,6,0.0,0.0,6,0,1.0,0.0,0,6,0.0,0.0
5710,pet-unk-b75fdf9f-1,1,0,1,0.0,0,1,0.0,0.0,1,0,1.0,0.0,0,1,0.0,0.0
5711,physical,2,0,2,0.0,0,2,0.0,0.0,2,0,1.0,0.0,0,2,0.0,0.0
5712,des-methyl,17,0,17,0.0,0,17,0.0,0.0,17,0,1.0,0.0,0,17,0.0,0.0
5713,3-7,30,0,30,0.0,0,30,0.0,0.0,30,0,1.0,0.0,0,30,0.0,0.0
5714,favorably,1,0,1,0.0,0,1,0.0,0.0,1,0,1.0,0.0,0,1,0.0,0.0
5715,withdrawing,87,6,81,0.069,6,81,0.069,1.0,87,0,1.0,14.5,6,81,0.069,1.0
5716,rodent,7,4,3,0.5714,2,5,0.2857,0.5,7,0,1.0,3.5,2,5,0.2857,1.0
5717,mmff,749,26,723,0.0347,18,731,0.024,0.6923,749,0,1.0,41.6111,18,731,0.024,1.0
5718,script,220,13,207,0.0591,8,212,0.0364,0.6154,220,0,1.0,27.5,5,215,0.0227,0.625
5719,lauren,5,3,2,0.6,2,3,0.4,0.6667,5,0,1.0,2.5,2,3,0.4,1.0
5720,reid,31,3,28,0.0968,2,29,0.0645,0.6667,31,0,1.0,15.5,2,29,0.0645,1.0
5721,intgeraction,5,3,2,0.6,2,3,0.4,0.6667,5,0,1.0,2.5,2,3,0.4,1.0
5722,mpro-p0157_0a_bound,5,3,2,0.6,2,3,0.4,0.6667,5,0,1.0,2.5,2,3,0.4,1.0
5723,singular,1,0,1,0.0,0,1,0.0,0.0,1,0,1.0,0.0,0,1,0.0,0.0
5724,threonine,3,0,3,0.0,0,3,0.0,0.0,3,0,1.0,0.0,0,3,0.0,0.0
5725,unchanged,1,0,1,0.0,0,1,0.0,0.0,1,0,1.0,0.0,0,1,0.0,0.0
5726,assignment,16,0,16,0.0,0,16,0.0,0.0,16,0,1.0,0.0,0,16,0.0,0.0
5727,unaltered,1,0,1,0.0,0,1,0.0,0.0,1,0,1.0,0.0,0,1,0.0,0.0
5728,isobutyl,1,0,1,0.0,0,1,0.0,0.0,1,0,1.0,0.0,0,1,0.0,0.0
5729,reveal,3,0,3,0.0,0,3,0.0,0.0,3,0,1.0,0.0,0,3,0.0,0.0
5730,3-position,1,0,1,0.0,0,1,0.0,0.0,1,0,1.0,0.0,0,1,0.0,0.0
5731,electron-deficient,1,0,1,0.0,0,1,0.0,0.0,1,0,1.0,0.0,0,1,0.0,0.0
5732,gamma-lactam,1,0,1,0.0,0,1,0.0,0.0,1,0,1.0,0.0,0,1,0.0,0.0
5733,macrocyclisation,5,0,5,0.0,0,5,0.0,0.0,5,0,1.0,0.0,0,5,0.0,0.0
5734,macrocycle,8,0,8,0.0,0,8,0.0,0.0,8,0,1.0,0.0,0,8,0.0,0.0
5735,sometimes,5,0,5,0.0,0,5,0.0,0.0,5,0,1.0,0.0,0,5,0.0,0.0
5736,bbb,5,0,5,0.0,0,5,0.0,0.0,5,0,1.0,0.0,0,5,0.0,0.0
5737,penetration,5,0,5,0.0,0,5,0.0,0.0,5,0,1.0,0.0,0,5,0.0,0.0
5738,rcm,5,0,5,0.0,0,5,0.0,0.0,5,0,1.0,0.0,0,5,0.0,0.0
5739,styrene,5,0,5,0.0,0,5,0.0,0.0,5,0,1.0,0.0,0,5,0.0,0.0
5740,mprotease,1,0,1,0.0,0,1,0.0,0.0,1,0,1.0,0.0,0,1,0.0,0.0
5741,flourine,2,0,2,0.0,0,2,0.0,0.0,2,0,1.0,0.0,0,2,0.0,0.0
5742,lon-wei-8f408cad-4,3,0,3,0.0,0,3,0.0,0.0,3,0,1.0,0.0,0,3,0.0,0.0
5743,permutation,4,1,3,0.25,1,3,0.25,1.0,4,0,1.0,4.0,1,3,0.25,1.0
5744,cassette,20,5,15,0.25,5,15,0.25,1.0,20,0,1.0,4.0,5,15,0.25,1.0
5745,exposure,4,1,3,0.25,1,3,0.25,1.0,4,0,1.0,4.0,1,3,0.25,1.0
5746,smartcyp,2,2,0,1.0,2,0,1.0,1.0,2,0,1.0,1.0,2,0,1.0,1.0
5747,cyclopentane,1,0,1,0.0,0,1,0.0,0.0,1,0,1.0,0.0,0,1,0.0,0.0
5748,plitidepsin,1,0,1,0.0,0,1,0.0,0.0,1,0,1.0,0.0,0,1,0.0,0.0
5749,edg-med-10fcb19e-4,1,1,0,1.0,1,0,1.0,1.0,1,0,1.0,1.0,1,0,1.0,1.0
5750,2-chloroethanone,1,0,1,0.0,0,1,0.0,0.0,1,0,1.0,0.0,0,1,0.0,0.0
5751,signature,1,0,1,0.0,0,1,0.0,0.0,1,0,1.0,0.0,0,1,0.0,0.0
5752,jin-pos-6dc588a4-22,77,7,70,0.0909,7,70,0.0909,1.0,77,0,1.0,11.0,7,70,0.0909,1.0
5753,mat-pos-4223bc15-2,226,14,212,0.0619,11,215,0.0487,0.7857,226,0,1.0,20.5455,11,215,0.0487,1.0
5754,paecilopeptin,2,0,2,0.0,0,2,0.0,0.0,2,0,1.0,0.0,0,2,0.0,0.0
5755,cystein,1439,11,1428,0.0076,8,1431,0.0056,0.7273,1439,0,1.0,179.875,5,1434,0.0035,0.625
5756,gc373_enzyme_inhibitor,1,0,1,0.0,0,1,0.0,0.0,1,0,1.0,0.0,0,1,0.0,0.0
5757,eoncombo,1,0,1,0.0,0,1,0.0,0.0,1,0,1.0,0.0,0,1,0.0,0.0
5758,lpie,1,0,1,0.0,0,1,0.0,0.0,1,0,1.0,0.0,0,1,0.0,0.0
5759,mic-unk-91acba05-3,4,0,4,0.0,0,4,0.0,0.0,4,0,1.0,0.0,0,4,0.0,0.0
5760,mat-pos-4223bc15-18,2,0,2,0.0,0,2,0.0,0.0,2,0,1.0,0.0,0,2,0.0,0.0
5761,trideuterated,6,0,6,0.0,0,6,0.0,0.0,6,0,1.0,0.0,0,6,0.0,0.0
5762,kinetic,9,0,9,0.0,0,9,0.0,0.0,9,0,1.0,0.0,0,9,0.0,0.0
5763,isotope,6,0,6,0.0,0,6,0.0,0.0,6,0,1.0,0.0,0,6,0.0,0.0
5764,minimal,50,1,49,0.02,1,49,0.02,1.0,50,0,1.0,50.0,1,49,0.02,1.0
5765,isotopically,6,0,6,0.0,0,6,0.0,0.0,6,0,1.0,0.0,0,6,0.0,0.0
5766,normal,14,1,13,0.0714,1,13,0.0714,1.0,14,0,1.0,14.0,0,14,0.0,0.0
5767,phii,1,0,1,0.0,0,1,0.0,0.0,1,0,1.0,0.0,0,1,0.0,0.0
5768,health,2,0,2,0.0,0,2,0.0,0.0,2,0,1.0,0.0,0,2,0.0,0.0
5769,capromorelin,1,0,1,0.0,0,1,0.0,0.0,1,0,1.0,0.0,0,1,0.0,0.0
5770,beautiful,1,0,1,0.0,0,1,0.0,0.0,1,0,1.0,0.0,0,1,0.0,0.0
5771,hets,1,0,1,0.0,0,1,0.0,0.0,1,0,1.0,0.0,0,1,0.0,0.0
5772,bru-tha-73c97d88,1,0,1,0.0,0,1,0.0,0.0,1,0,1.0,0.0,0,1,0.0,0.0
5773,precursers,1,0,1,0.0,0,1,0.0,0.0,1,0,1.0,0.0,0,1,0.0,0.0
5774,prioritisation,6,5,1,0.8333,0,6,0.0,0.0,6,0,1.0,0.0,0,6,0.0,0.0
5775,alp-pos-95b75b4d-5,5,4,1,0.8,3,2,0.6,0.75,5,0,1.0,1.6667,3,2,0.6,1.0
5776,jin-pos-6dc588a4-14,10,2,8,0.2,2,8,0.2,1.0,10,0,1.0,5.0,2,8,0.2,1.0
5777,5-azaindole,18,2,16,0.1111,2,16,0.1111,1.0,18,0,1.0,9.0,2,16,0.1111,1.0
5778,azaindole,35,2,33,0.0571,2,33,0.0571,1.0,35,0,1.0,17.5,2,33,0.0571,1.0
5779,impose,69,16,53,0.2319,8,61,0.1159,0.5,69,0,1.0,8.625,7,62,0.1014,0.875
5780,jr9600001794,18,2,16,0.1111,2,16,0.1111,1.0,18,0,1.0,9.0,2,16,0.1111,1.0
5781,base-weakening,18,2,16,0.1111,2,16,0.1111,1.0,18,0,1.0,9.0,2,16,0.1111,1.0
5782,1-methyl,54,3,51,0.0556,3,51,0.0556,1.0,54,0,1.0,18.0,3,51,0.0556,1.0
5783,incurred,10,2,8,0.2,2,8,0.2,1.0,10,0,1.0,5.0,2,8,0.2,1.0
5784,neutrality,21,2,19,0.0952,2,19,0.0952,1.0,21,0,1.0,10.5,2,19,0.0952,1.0
5785,1-methyl-5-azaindoles,18,2,16,0.1111,2,16,0.1111,1.0,18,0,1.0,9.0,2,16,0.1111,1.0
5786,withdrawal,18,2,16,0.1111,2,16,0.1111,1.0,18,0,1.0,9.0,2,16,0.1111,1.0
5787,pyrazolopyridine,150,16,134,0.1067,14,136,0.0933,0.875,150,0,1.0,10.7143,9,141,0.06,0.6429
5788,mic-unk-50cce87d-3,10,2,8,0.2,2,8,0.2,1.0,10,0,1.0,5.0,2,8,0.2,1.0
5789,ben-dnd-a7517465-1,10,2,8,0.2,2,8,0.2,1.0,10,0,1.0,5.0,2,8,0.2,1.0
5790,edj-med-d1555997-2,10,2,8,0.2,2,8,0.2,1.0,10,0,1.0,5.0,2,8,0.2,1.0
5791,6-15,10,2,8,0.2,2,8,0.2,1.0,10,0,1.0,5.0,2,8,0.2,1.0
5792,1-10,50,4,46,0.08,2,48,0.04,0.5,50,0,1.0,25.0,2,48,0.04,1.0
5793,rub-pos-1325a9ea-14,23,1,22,0.0435,1,22,0.0435,1.0,23,0,1.0,23.0,1,22,0.0435,1.0
5794,rub-pos-1325a9ea-12,44,2,42,0.0455,2,42,0.0455,1.0,44,0,1.0,22.0,2,42,0.0455,1.0
5795,pet-unk-e274cad4,80,3,77,0.0375,3,77,0.0375,1.0,80,0,1.0,26.6667,3,77,0.0375,1.0
5796,render,19,0,19,0.0,0,19,0.0,0.0,19,0,1.0,0.0,0,19,0.0,0.0
5797,joh-uni-6e27fddc-1,8,0,8,0.0,0,8,0.0,0.0,8,0,1.0,0.0,0,8,0.0,0.0
5798,4-11,40,0,40,0.0,0,40,0.0,0.0,40,0,1.0,0.0,0,40,0.0,0.0
5799,1-8,103,7,96,0.068,6,97,0.0583,0.8571,103,0,1.0,17.1667,6,97,0.0583,1.0
5800,mat-pos-4223bc15-23,185,9,176,0.0486,6,179,0.0324,0.6667,185,0,1.0,30.8333,6,179,0.0324,1.0
5801,nucleobase,16,0,16,0.0,0,16,0.0,0.0,16,0,1.0,0.0,0,16,0.0,0.0
5802,autogrow4,16,0,16,0.0,0,16,0.0,0.0,16,0,1.0,0.0,0,16,0.0,0.0
5803,rdrp,16,0,16,0.0,0,16,0.0,0.0,16,0,1.0,0.0,0,16,0.0,0.0
5804,mwt,16,0,16,0.0,0,16,0.0,0.0,16,0,1.0,0.0,0,16,0.0,0.0
5805,quickvina2,16,0,16,0.0,0,16,0.0,0.0,16,0,1.0,0.0,0,16,0.0,0.0
5806,aspect,17,0,17,0.0,0,17,0.0,0.0,17,0,1.0,0.0,0,17,0.0,0.0
5807,innovation,17,0,17,0.0,0,17,0.0,0.0,17,0,1.0,0.0,0,17,0.0,0.0
5808,reinforces,16,0,16,0.0,0,16,0.0,0.0,16,0,1.0,0.0,0,16,0.0,0.0
5809,hackathon,16,0,16,0.0,0,16,0.0,0.0,16,0,1.0,0.0,0,16,0.0,0.0
5810,pet-unk-1b92fa34-1,16,0,16,0.0,0,16,0.0,0.0,16,0,1.0,0.0,0,16,0.0,0.0
5811,mat-pos-4223bc15-12,12,4,8,0.3333,3,9,0.25,0.75,12,0,1.0,4.0,3,9,0.25,1.0
5812,tetahydroisoquinoline,4,0,4,0.0,0,4,0.0,0.0,4,0,1.0,0.0,0,4,0.0,0.0
5813,sulfamides,37,0,37,0.0,0,37,0.0,0.0,37,0,1.0,0.0,0,37,0.0,0.0
5814,mat-pos-4223bc15-11,8,0,8,0.0,0,8,0.0,0.0,8,0,1.0,0.0,0,8,0.0,0.0
5815,nme2,6,0,6,0.0,0,6,0.0,0.0,6,0,1.0,0.0,0,6,0.0,0.0
5816,harden,4,0,4,0.0,0,4,0.0,0.0,4,0,1.0,0.0,0,4,0.0,0.0
5817,edj-med-1981ceba-2,4,0,4,0.0,0,4,0.0,0.0,4,0,1.0,0.0,0,4,0.0,0.0
5818,x-so2-substituted,1,0,1,0.0,0,1,0.0,0.0,1,0,1.0,0.0,0,1,0.0,0.0
5819,tetrahydroisquinolines,1,0,1,0.0,0,1,0.0,0.0,1,0,1.0,0.0,0,1,0.0,0.0
5820,invert,3,0,3,0.0,0,3,0.0,0.0,3,0,1.0,0.0,0,3,0.0,0.0
5821,s-x,1,0,1,0.0,0,1,0.0,0.0,1,0,1.0,0.0,0,1,0.0,0.0
5822,des-methoxy,13,0,13,0.0,0,13,0.0,0.0,13,0,1.0,0.0,0,13,0.0,0.0
5823,x-so2,1,0,1,0.0,0,1,0.0,0.0,1,0,1.0,0.0,0,1,0.0,0.0
5824,energy-mimimized,19,0,19,0.0,0,19,0.0,0.0,19,0,1.0,0.0,0,19,0.0,0.0
5825,pet-unk-f4e47ebd,94,4,90,0.0426,2,92,0.0213,0.5,94,0,1.0,47.0,2,92,0.0213,1.0
5826,alp-pos-e6e0c683-4,7,0,7,0.0,0,7,0.0,0.0,7,0,1.0,0.0,0,7,0.0,0.0
5827,pet-unk-1b92fa34-5,18,0,18,0.0,0,18,0.0,0.0,18,0,1.0,0.0,0,18,0.0,0.0
5828,pet-unk-88d26eaf-1,9,0,9,0.0,0,9,0.0,0.0,9,0,1.0,0.0,0,9,0.0,0.0
5829,pet-unk-1e13ef09,9,0,9,0.0,0,9,0.0,0.0,9,0,1.0,0.0,0,9,0.0,0.0
5830,5-13,9,0,9,0.0,0,9,0.0,0.0,9,0,1.0,0.0,0,9,0.0,0.0
5831,1-9,73,9,64,0.1233,8,65,0.1096,0.8889,73,0,1.0,9.125,3,70,0.0411,0.375
5832,sam-unk-2684b532-12,4,1,3,0.25,1,3,0.25,1.0,4,0,1.0,4.0,1,3,0.25,1.0
5833,surprising,4,1,3,0.25,1,3,0.25,1.0,4,0,1.0,4.0,1,3,0.25,1.0
5834,ethylene,91,29,62,0.3187,15,76,0.1648,0.5172,91,0,1.0,6.0667,13,78,0.1429,0.8667
5835,edgriffen,3,0,3,0.0,0,3,0.0,0.0,3,0,1.0,0.0,0,3,0.0,0.0
5836,decarboxylative,3,0,3,0.0,0,3,0.0,0.0,3,0,1.0,0.0,0,3,0.0,0.0
5837,trifluoromethylation,3,0,3,0.0,0,3,0.0,0.0,3,0,1.0,0.0,0,3,0.0,0.0
5838,copper-catalyzed,3,0,3,0.0,0,3,0.0,0.0,3,0,1.0,0.0,0,3,0.0,0.0
5839,radical,3,0,3,0.0,0,3,0.0,0.0,3,0,1.0,0.0,0,3,0.0,0.0
5840,1-methylpyrazolopyridine,36,1,35,0.0278,1,35,0.0278,1.0,36,0,1.0,36.0,1,35,0.0278,1.0
5841,7-difluoro,36,1,35,0.0278,1,35,0.0278,1.0,36,0,1.0,36.0,1,35,0.0278,1.0
5842,5-7,22,1,21,0.0455,1,21,0.0455,1.0,22,0,1.0,22.0,1,21,0.0455,1.0
5843,3-11,36,1,35,0.0278,1,35,0.0278,1.0,36,0,1.0,36.0,1,35,0.0278,1.0
5844,pet-unk-2c6614b6,27,0,27,0.0,0,27,0.0,0.0,27,0,1.0,0.0,0,27,0.0,0.0
5845,confugration,9,0,9,0.0,0,9,0.0,0.0,9,0,1.0,0.0,0,9,0.0,0.0
5846,pet-unk-022eab87,18,0,18,0.0,0,18,0.0,0.0,18,0,1.0,0.0,0,18,0.0,0.0
5847,pet-unk-4b4f2bb7,18,0,18,0.0,0,18,0.0,0.0,18,0,1.0,0.0,0,18,0.0,0.0
5848,advantageous,18,0,18,0.0,0,18,0.0,0.0,18,0,1.0,0.0,0,18,0.0,0.0
5849,3-20,36,0,36,0.0,0,36,0.0,0.0,36,0,1.0,0.0,0,36,0.0,0.0
5850,1-18,36,0,36,0.0,0,36,0.0,0.0,36,0,1.0,0.0,0,36,0.0,0.0
5851,quaternary-h,3,1,2,0.3333,1,2,0.3333,1.0,3,0,1.0,3.0,1,2,0.3333,1.0
5852,edj-med-015fb6b4,54,0,54,0.0,0,54,0.0,0.0,54,0,1.0,0.0,0,54,0.0,0.0
5853,alp-pos-a577c8a2-1,8,0,8,0.0,0,8,0.0,0.0,8,0,1.0,0.0,0,8,0.0,0.0
5854,3-fluorophenyl,1,0,1,0.0,0,1,0.0,0.0,1,0,1.0,0.0,0,1,0.0,0.0
5855,piperazin-1yl,1,0,1,0.0,0,1,0.0,0.0,1,0,1.0,0.0,0,1,0.0,0.0
5856,ethan-1-one,1,0,1,0.0,0,1,0.0,0.0,1,0,1.0,0.0,0,1,0.0,0.0
5857,trifluoroethane,1,0,1,0.0,0,1,0.0,0.0,1,0,1.0,0.0,0,1,0.0,0.0
5858,kad-uni-80f122c8-3,5,0,5,0.0,0,5,0.0,0.0,5,0,1.0,0.0,0,5,0.0,0.0
5859,rub-pos-1325a9ea-13,36,2,34,0.0556,2,34,0.0556,1.0,36,0,1.0,18.0,2,34,0.0556,1.0
5860,edj-med-076d6e64-1,36,2,34,0.0556,2,34,0.0556,1.0,36,0,1.0,18.0,2,34,0.0556,1.0
5861,electron-rich,36,2,34,0.0556,2,34,0.0556,1.0,36,0,1.0,18.0,2,34,0.0556,1.0
5862,3-38,36,2,34,0.0556,2,34,0.0556,1.0,36,0,1.0,18.0,2,34,0.0556,1.0
5863,1-36,36,2,34,0.0556,2,34,0.0556,1.0,36,0,1.0,18.0,2,34,0.0556,1.0
5864,azide,6,1,5,0.1667,1,5,0.1667,1.0,6,0,1.0,6.0,0,6,0.0,0.0
5865,nano,64,0,64,0.0,0,64,0.0,0.0,64,0,1.0,0.0,0,64,0.0,0.0
5866,hypothesized,16,0,16,0.0,0,16,0.0,0.0,16,0,1.0,0.0,0,16,0.0,0.0
5867,referred,105,31,74,0.2952,19,86,0.181,0.6129,105,0,1.0,5.5263,19,86,0.181,1.0
5868,chalcogen,19,0,19,0.0,0,19,0.0,0.0,19,0,1.0,0.0,0,19,0.0,0.0
5869,benzoisothiazole,16,0,16,0.0,0,16,0.0,0.0,16,0,1.0,0.0,0,16,0.0,0.0
5870,isothiazole,16,0,16,0.0,0,16,0.0,0.0,16,0,1.0,0.0,0,16,0.0,0.0
5871,methylisothiazole,16,0,16,0.0,0,16,0.0,0.0,16,0,1.0,0.0,0,16,0.0,0.0
5872,2-4-thiadiazole,16,0,16,0.0,0,16,0.0,0.0,16,0,1.0,0.0,0,16,0.0,0.0
5873,vla-unk-4cf5aa07-1,16,0,16,0.0,0,16,0.0,0.0,16,0,1.0,0.0,0,16,0.0,0.0
5874,exhibits,19,0,19,0.0,0,19,0.0,0.0,19,0,1.0,0.0,0,19,0.0,0.0
5875,capping,1,0,1,0.0,0,1,0.0,0.0,1,0,1.0,0.0,0,1,0.0,0.0
5876,behavior,31,0,31,0.0,0,31,0.0,0.0,31,0,1.0,0.0,0,31,0.0,0.0
5877,explanations,1,0,1,0.0,0,1,0.0,0.0,1,0,1.0,0.0,0,1,0.0,0.0
5878,transport,1,0,1,0.0,0,1,0.0,0.0,1,0,1.0,0.0,0,1,0.0,0.0
5879,unspecified,1,0,1,0.0,0,1,0.0,0.0,1,0,1.0,0.0,0,1,0.0,0.0
5880,uncertainty,35,0,35,0.0,0,35,0.0,0.0,35,0,1.0,0.0,0,35,0.0,0.0
5881,mak-unk-d4768348-1,1,0,1,0.0,0,1,0.0,0.0,1,0,1.0,0.0,0,1,0.0,0.0
5882,registration,12,11,1,0.9167,11,1,0.9167,1.0,12,0,1.0,1.0909,11,1,0.9167,1.0
5883,pet-unk-10339a1d,30,0,30,0.0,0,30,0.0,0.0,30,0,1.0,0.0,0,30,0.0,0.0
5884,alp-pos-a9ad2217-1,30,0,30,0.0,0,30,0.0,0.0,30,0,1.0,0.0,0,30,0.0,0.0
5885,4-chloro,36,0,36,0.0,0,36,0.0,0.0,36,0,1.0,0.0,0,36,0.0,0.0
5886,11-20,30,0,30,0.0,0,30,0.0,0.0,30,0,1.0,0.0,0,30,0.0,0.0
5887,alp-pos-a9ad2217-2,30,0,30,0.0,0,30,0.0,0.0,30,0,1.0,0.0,0,30,0.0,0.0
5888,21-30,30,0,30,0.0,0,30,0.0,0.0,30,0,1.0,0.0,0,30,0.0,0.0
5889,inherited,30,0,30,0.0,0,30,0.0,0.0,30,0,1.0,0.0,0,30,0.0,0.0
5890,undefined,30,0,30,0.0,0,30,0.0,0.0,30,0,1.0,0.0,0,30,0.0,0.0
5891,phenotypic,10,2,8,0.2,2,8,0.2,1.0,10,0,1.0,5.0,2,8,0.2,1.0
5892,phenylglycine,10,2,8,0.2,2,8,0.2,1.0,10,0,1.0,5.0,2,8,0.2,1.0
5893,3-chlorophenyl,39,2,37,0.0513,2,37,0.0513,1.0,39,0,1.0,19.5,2,37,0.0513,1.0
5894,4-clorophenyl,10,2,8,0.2,2,8,0.2,1.0,10,0,1.0,5.0,2,8,0.2,1.0
5895,permute,10,2,8,0.2,2,8,0.2,1.0,10,0,1.0,5.0,2,8,0.2,1.0
5896,tetrahydrofuran,10,2,8,0.2,2,8,0.2,1.0,10,0,1.0,5.0,2,8,0.2,1.0
5897,uncertainties,10,2,8,0.2,2,8,0.2,1.0,10,0,1.0,5.0,2,8,0.2,1.0
5898,3-chorophenylglycine,10,2,8,0.2,2,8,0.2,1.0,10,0,1.0,5.0,2,8,0.2,1.0
5899,6-tetraazaindene,2,0,2,0.0,0,2,0.0,0.0,2,0,1.0,0.0,0,2,0.0,0.0
5900,prof,187,8,179,0.0428,5,182,0.0267,0.625,187,0,1.0,37.4,2,185,0.0107,0.4
5901,rutledge,2,0,2,0.0,0,2,0.0,0.0,2,0,1.0,0.0,0,2,0.0,0.0
5902,sydney,2,0,2,0.0,0,2,0.0,0.0,2,0,1.0,0.0,0,2,0.0,0.0
5903,mat,5546,778,4768,0.1403,636,4910,0.1147,0.8175,5546,0,1.0,8.7201,400,5146,0.0721,0.6289
5904,todd,2,0,2,0.0,0,2,0.0,0.0,2,0,1.0,0.0,0,2,0.0,0.0
5905,ucl,93,29,64,0.3118,13,80,0.1398,0.4483,93,0,1.0,7.1538,11,82,0.1183,0.8462
5906,exemplifies,15,14,1,0.9333,14,1,0.9333,1.0,15,0,1.0,1.0714,14,1,0.9333,1.0
5907,vla-mrt-8c78ee15,3,0,3,0.0,0,3,0.0,0.0,3,0,1.0,0.0,0,3,0.0,0.0
5908,steroisomers,3,0,3,0.0,0,3,0.0,0.0,3,0,1.0,0.0,0,3,0.0,0.0
5909,incorrectly,3,0,3,0.0,0,3,0.0,0.0,3,0,1.0,0.0,0,3,0.0,0.0
5910,vla-unk-cf7facf1-1,3,0,3,0.0,0,3,0.0,0.0,3,0,1.0,0.0,0,3,0.0,0.0
5911,methoxychromane,5,0,5,0.0,0,5,0.0,0.0,5,0,1.0,0.0,0,5,0.0,0.0
5912,pet-unk-b1ef24dc,29,0,29,0.0,0,29,0.0,0.0,29,0,1.0,0.0,0,29,0.0,0.0
5913,non-pyridine,29,0,29,0.0,0,29,0.0,0.0,29,0,1.0,0.0,0,29,0.0,0.0
5914,3-chlorophenylacetamides,29,0,29,0.0,0,29,0.0,0.0,29,0,1.0,0.0,0,29,0.0,0.0
5915,s-enantiomer,16,1,15,0.0625,0,16,0.0,0.0,16,0,1.0,0.0,0,16,0.0,0.0
5916,mar-ucb-fd2e172f-24,5,0,5,0.0,0,5,0.0,0.0,5,0,1.0,0.0,0,5,0.0,0.0
5917,methoxytetrahydroisoquinoline,18,0,18,0.0,0,18,0.0,0.0,18,0,1.0,0.0,0,18,0.0,0.0
5918,pet-unk-6314f867,24,0,24,0.0,0,24,0.0,0.0,24,0,1.0,0.0,0,24,0.0,0.0
5919,mic-unk-ea4eb352-1,6,0,6,0.0,0,6,0.0,0.0,6,0,1.0,0.0,0,6,0.0,0.0
5920,unregistered,26,26,0,1.0,26,0,1.0,1.0,26,0,1.0,1.0,25,1,0.9615,0.9615
5921,6-azabenzothiophene,35,2,33,0.0571,0,35,0.0,0.0,35,0,1.0,0.0,0,35,0.0,0.0
5922,pet-unk-0df12184,7,0,7,0.0,0,7,0.0,0.0,7,0,1.0,0.0,0,7,0.0,0.0
5923,perspective,7,0,7,0.0,0,7,0.0,0.0,7,0,1.0,0.0,0,7,0.0,0.0
5924,6-azabenzofuran,35,2,33,0.0571,0,35,0.0,0.0,35,0,1.0,0.0,0,35,0.0,0.0
5925,mar-ucb-fd2e172f-41,37,1,36,0.027,1,36,0.027,1.0,37,0,1.0,37.0,1,36,0.027,1.0
5926,4-10,11,0,11,0.0,0,11,0.0,0.0,11,0,1.0,0.0,0,11,0.0,0.0
5927,1-7,20,0,20,0.0,0,20,0.0,0.0,20,0,1.0,0.0,0,20,0.0,0.0
5928,cnh2,1,0,1,0.0,0,1,0.0,0.0,1,0,1.0,0.0,0,1,0.0,0.0
5929,mic-unk-91acba05-1,46,13,33,0.2826,10,36,0.2174,0.7692,46,0,1.0,4.6,10,36,0.2174,1.0
5930,meta-,33,6,27,0.1818,6,27,0.1818,1.0,33,0,1.0,5.5,6,27,0.1818,1.0
5931,considerable,4,0,4,0.0,0,4,0.0,0.0,4,0,1.0,0.0,0,4,0.0,0.0
5932,lon-wei-9739a092-9,4,0,4,0.0,0,4,0.0,0.0,4,0,1.0,0.0,0,4,0.0,0.0
5933,alp-uni-8d415491-5,13,8,5,0.6154,6,7,0.4615,0.75,13,0,1.0,2.1667,6,7,0.4615,1.0
5934,crazy,1,0,1,0.0,0,1,0.0,0.0,1,0,1.0,0.0,0,1,0.0,0.0
5935,mat-pos-d8472c4f-1,1,0,1,0.0,0,1,0.0,0.0,1,0,1.0,0.0,0,1,0.0,0.0
5936,ome--,1,0,1,0.0,0,1,0.0,0.0,1,0,1.0,0.0,0,1,0.0,0.0
5937,difluoro,58,11,47,0.1897,7,51,0.1207,0.6364,58,0,1.0,8.2857,6,52,0.1034,0.8571
5938,castagnoli,9,7,2,0.7778,5,4,0.5556,0.7143,9,0,1.0,1.8,5,4,0.5556,1.0
5939,cr8002714,9,7,2,0.7778,5,4,0.5556,0.7143,9,0,1.0,1.8,5,4,0.5556,1.0
5940,imidazopyridine,13,10,3,0.7692,8,5,0.6154,0.8,13,0,1.0,1.625,8,5,0.6154,1.0
5941,external,104,97,7,0.9327,97,7,0.9327,1.0,104,0,1.0,1.0722,0,104,0.0,0.0
5942,mar-ucb-fd2e172f,46,5,41,0.1087,4,42,0.087,0.8,46,0,1.0,11.5,4,42,0.087,1.0
5943,edj-med-827e7cb4,2,2,0,1.0,2,0,1.0,1.0,2,0,1.0,1.0,2,0,1.0,1.0
5944,aromatization,9,2,7,0.2222,2,7,0.2222,1.0,9,0,1.0,4.5,2,7,0.2222,1.0
5945,tetrahydroisoquinolone,1,0,1,0.0,0,1,0.0,0.0,1,0,1.0,0.0,0,1,0.0,0.0
5946,susceptible,4,2,2,0.5,2,2,0.5,1.0,4,0,1.0,2.0,2,2,0.5,1.0
5947,elimination,54,2,52,0.037,2,52,0.037,1.0,54,0,1.0,27.0,2,52,0.037,1.0
5948,tetrahydroisoquinolin,105,9,96,0.0857,2,103,0.019,0.2222,105,0,1.0,52.5,2,103,0.019,1.0
5949,modifiable,4,0,4,0.0,0,4,0.0,0.0,4,0,1.0,0.0,0,4,0.0,0.0
5950,unless,4,0,4,0.0,0,4,0.0,0.0,4,0,1.0,0.0,0,4,0.0,0.0
5951,interatcion,2,0,2,0.0,0,2,0.0,0.0,2,0,1.0,0.0,0,2,0.0,0.0
5952,comformationally,2,0,2,0.0,0,2,0.0,0.0,2,0,1.0,0.0,0,2,0.0,0.0
5953,sme,4,0,4,0.0,0,4,0.0,0.0,4,0,1.0,0.0,0,4,0.0,0.0
5954,bioisoster,212,37,175,0.1745,26,186,0.1226,0.7027,212,0,1.0,8.1538,7,205,0.033,0.2692
5955,6-azoisobenzofuran,30,1,29,0.0333,1,29,0.0333,1.0,30,0,1.0,30.0,1,29,0.0333,1.0
5956,6-azoisobenzothiophene,30,1,29,0.0333,1,29,0.0333,1.0,30,0,1.0,30.0,1,29,0.0333,1.0
5957,inductive,33,1,32,0.0303,1,32,0.0303,1.0,33,0,1.0,33.0,1,32,0.0303,1.0
5958,pet-unk-7f7e354d-7,30,1,29,0.0333,1,29,0.0333,1.0,30,0,1.0,30.0,1,29,0.0333,1.0
5959,resubmission,30,1,29,0.0333,1,29,0.0333,1.0,30,0,1.0,30.0,1,29,0.0333,1.0
5960,4-33,30,1,29,0.0333,1,29,0.0333,1.0,30,0,1.0,30.0,1,29,0.0333,1.0
5961,1-30,67,1,66,0.0149,1,66,0.0149,1.0,67,0,1.0,67.0,1,66,0.0149,1.0
5962,convincing,18,0,18,0.0,0,18,0.0,0.0,18,0,1.0,0.0,0,18,0.0,0.0
5963,ralph,7,1,6,0.1429,1,6,0.1429,1.0,7,0,1.0,7.0,1,6,0.1429,1.0
5964,alp-pos-5de921e7-5a,1,1,0,1.0,1,0,1.0,1.0,1,0,1.0,1.0,1,0,1.0,1.0
5965,stab,677,92,585,0.1359,60,617,0.0886,0.6522,677,0,1.0,11.2833,54,623,0.0798,0.9
5966,macrocyclization,2,0,2,0.0,0,2,0.0,0.0,2,0,1.0,0.0,0,2,0.0,0.0
5967,tether,56,12,44,0.2143,12,44,0.2143,1.0,56,0,1.0,4.6667,12,44,0.2143,1.0
5968,rigidification,2,0,2,0.0,0,2,0.0,0.0,2,0,1.0,0.0,0,2,0.0,0.0
5969,bezopiperidine,2,0,2,0.0,0,2,0.0,0.0,2,0,1.0,0.0,0,2,0.0,0.0
5970,solubilizing,9,0,9,0.0,0,9,0.0,0.0,9,0,1.0,0.0,0,9,0.0,0.0
5971,contraction,7,1,6,0.1429,1,6,0.1429,1.0,7,0,1.0,7.0,1,6,0.1429,1.0
5972,mat-pos-8293a91a-5,6,1,5,0.1667,0,6,0.0,0.0,6,0,1.0,0.0,0,6,0.0,0.0
5973,so2-x,6,1,5,0.1667,0,6,0.0,0.0,6,0,1.0,0.0,0,6,0.0,0.0
5974,ch2so2nhme,6,1,5,0.1667,0,6,0.0,0.0,6,0,1.0,0.0,0,6,0.0,0.0
5975,mat-pos-6c284e65-1,26,0,26,0.0,0,26,0.0,0.0,26,0,1.0,0.0,0,26,0.0,0.0
5976,meso2ch2ch2o-,7,0,7,0.0,0,7,0.0,0.0,7,0,1.0,0.0,0,7,0.0,0.0
5977,meoch2ch2o-,7,0,7,0.0,0,7,0.0,0.0,7,0,1.0,0.0,0,7,0.0,0.0
5978,pet-unk-ad758083,7,0,7,0.0,0,7,0.0,0.0,7,0,1.0,0.0,0,7,0.0,0.0
5979,thiadiazole,19,0,19,0.0,0,19,0.0,0.0,19,0,1.0,0.0,0,19,0.0,0.0
5980,edj-med-fa7708b3-2,3,0,3,0.0,0,3,0.0,0.0,3,0,1.0,0.0,0,3,0.0,0.0
5981,mat-pos-4223bc15-25,3,0,3,0.0,0,3,0.0,0.0,3,0,1.0,0.0,0,3,0.0,0.0
5982,mat-pos-4223bc15-24,3,0,3,0.0,0,3,0.0,0.0,3,0,1.0,0.0,0,3,0.0,0.0
5983,azole,546,148,398,0.2711,130,416,0.2381,0.8784,546,0,1.0,4.2,124,422,0.2271,0.9538
5984,4-thiadiazole,19,0,19,0.0,0,19,0.0,0.0,19,0,1.0,0.0,0,19,0.0,0.0
5985,aza-nitrogens,3,0,3,0.0,0,3,0.0,0.0,3,0,1.0,0.0,0,3,0.0,0.0
5986,chalocogen,3,0,3,0.0,0,3,0.0,0.0,3,0,1.0,0.0,0,3,0.0,0.0
5987,tetrahhydroisoquinoline,3,0,3,0.0,0,3,0.0,0.0,3,0,1.0,0.0,0,3,0.0,0.0
5988,eclipse,3,0,3,0.0,0,3,0.0,0.0,3,0,1.0,0.0,0,3,0.0,0.0
5989,inherits,3,0,3,0.0,0,3,0.0,0.0,3,0,1.0,0.0,0,3,0.0,0.0
5990,pucker,11,0,11,0.0,0,11,0.0,0.0,11,0,1.0,0.0,0,11,0.0,0.0
5991,7-12,15,0,15,0.0,0,15,0.0,0.0,15,0,1.0,0.0,0,15,0.0,0.0
5992,commerically,9,0,9,0.0,0,9,0.0,0.0,9,0,1.0,0.0,0,9,0.0,0.0
5993,acidifying,5,0,5,0.0,0,5,0.0,0.0,5,0,1.0,0.0,0,5,0.0,0.0
5994,zwitterion,5,0,5,0.0,0,5,0.0,0.0,5,0,1.0,0.0,0,5,0.0,0.0
5995,mat-pos-dc2604c4-1,125,15,110,0.12,11,114,0.088,0.7333,125,0,1.0,11.3636,11,114,0.088,1.0
5996,4-fold,4,1,3,0.25,1,3,0.25,1.0,4,0,1.0,4.0,1,3,0.25,1.0
5997,mpro-p1007,4,1,3,0.25,1,3,0.25,1.0,4,0,1.0,4.0,1,3,0.25,1.0
5998,ionization,4,1,3,0.25,1,3,0.25,1.0,4,0,1.0,4.0,1,3,0.25,1.0
5999,edg-med-10fcb19e-1,32,2,30,0.0625,2,30,0.0625,1.0,32,0,1.0,16.0,2,30,0.0625,1.0
6000,restricts,21,0,21,0.0,0,21,0.0,0.0,21,0,1.0,0.0,0,21,0.0,0.0
6001,electron-releasing,51,3,48,0.0588,1,50,0.0196,0.3333,51,0,1.0,51.0,1,50,0.0196,1.0
6002,concern,27,1,26,0.037,1,26,0.037,1.0,27,0,1.0,27.0,1,26,0.037,1.0
6003,c4-amido,15,1,14,0.0667,1,14,0.0667,1.0,15,0,1.0,15.0,1,14,0.0667,1.0
6004,counteract,15,1,14,0.0667,1,14,0.0667,1.0,15,0,1.0,15.0,1,14,0.0667,1.0
6005,tendency,15,1,14,0.0667,1,14,0.0667,1.0,15,0,1.0,15.0,1,14,0.0667,1.0
6006,potency-weakening,15,1,14,0.0667,1,14,0.0667,1.0,15,0,1.0,15.0,1,14,0.0667,1.0
6007,pet-unk-b38839dc-1,15,1,14,0.0667,1,14,0.0667,1.0,15,0,1.0,15.0,1,14,0.0667,1.0
6008,methoxynaphthyridine,66,2,64,0.0303,2,64,0.0303,1.0,66,0,1.0,33.0,2,64,0.0303,1.0
6009,pet-unk-f4e47ebd-1,15,1,14,0.0667,1,14,0.0667,1.0,15,0,1.0,15.0,1,14,0.0667,1.0
6010,pet-unk-d899bab6,12,0,12,0.0,0,12,0.0,0.0,12,0,1.0,0.0,0,12,0.0,0.0
6011,mat-pos-199e2e7c-1,4,0,4,0.0,0,4,0.0,0.0,4,0,1.0,0.0,0,4,0.0,0.0
6012,5um,4,0,4,0.0,0,4,0.0,0.0,4,0,1.0,0.0,0,4,0.0,0.0
6013,m-cl,4,0,4,0.0,0,4,0.0,0.0,4,0,1.0,0.0,0,4,0.0,0.0
6014,quarter,4,0,4,0.0,0,4,0.0,0.0,4,0,1.0,0.0,0,4,0.0,0.0
6015,145nm,3,2,1,0.6667,2,1,0.6667,1.0,3,0,1.0,1.5,2,1,0.6667,1.0
6016,prospect,10,2,8,0.2,2,8,0.2,1.0,10,0,1.0,5.0,2,8,0.2,1.0
6017,mmpa,3,2,1,0.6667,2,1,0.6667,1.0,3,0,1.0,1.5,2,1,0.6667,1.0
6018,edj-med-d9f3798e-3,14,0,14,0.0,0,14,0.0,0.0,14,0,1.0,0.0,0,14,0.0,0.0
6019,6-methanesulfonamido,26,0,26,0.0,0,26,0.0,0.0,26,0,1.0,0.0,0,26,0.0,0.0
6020,edj-med-d9f3798e-1,12,0,12,0.0,0,12,0.0,0.0,12,0,1.0,0.0,0,12,0.0,0.0
6021,n-methylated,12,0,12,0.0,0,12,0.0,0.0,12,0,1.0,0.0,0,12,0.0,0.0
6022,3-14,24,0,24,0.0,0,24,0.0,0.0,24,0,1.0,0.0,0,24,0.0,0.0
6023,1-12,24,0,24,0.0,0,24,0.0,0.0,24,0,1.0,0.0,0,24,0.0,0.0
6024,pro,6709,780,5929,0.1163,595,6114,0.0887,0.7628,6709,0,1.0,11.2756,399,6310,0.0595,0.6706
6025,imidazolyl-pyridine,7,3,4,0.4286,0,7,0.0,0.0,7,0,1.0,0.0,0,7,0.0,0.0
6026,imidazolyl-pyrimidine,7,3,4,0.4286,0,7,0.0,0.0,7,0,1.0,0.0,0,7,0.0,0.0
6027,imidazolyl-pyrazine,7,3,4,0.4286,0,7,0.0,0.0,7,0,1.0,0.0,0,7,0.0,0.0
6028,ben,1383,158,1225,0.1142,120,1263,0.0868,0.7595,1383,0,1.0,11.525,101,1282,0.073,0.8417
6029,jin-pos-6dc588a4-9,5,4,1,0.8,4,1,0.8,1.0,5,0,1.0,1.25,4,1,0.8,1.0
6030,3-10,32,0,32,0.0,0,32,0.0,0.0,32,0,1.0,0.0,0,32,0.0,0.0
6031,subsituent,44,4,40,0.0909,4,40,0.0909,1.0,44,0,1.0,11.0,3,41,0.0682,0.75
6032,pet-unk-7279c968,9,0,9,0.0,0,9,0.0,0.0,9,0,1.0,0.0,0,9,0.0,0.0
6033,6-methanesulfonamido-isoquinoline,8,0,8,0.0,0,8,0.0,0.0,8,0,1.0,0.0,0,8,0.0,0.0
6034,pet-unk-a7639856,8,0,8,0.0,0,8,0.0,0.0,8,0,1.0,0.0,0,8,0.0,0.0
6035,mat-pos-1a13cd81,8,0,8,0.0,0,8,0.0,0.0,8,0,1.0,0.0,0,8,0.0,0.0
6036,pdbid,1,0,1,0.0,0,1,0.0,0.0,1,0,1.0,0.0,0,1,0.0,0.0
6037,7d1m,7,0,7,0.0,0,7,0.0,0.0,7,0,1.0,0.0,0,7,0.0,0.0
6038,nddi,8,8,0,1.0,8,0,1.0,1.0,8,0,1.0,1.0,7,1,0.875,0.875
6039,netowrk,8,8,0,1.0,8,0,1.0,1.0,8,0,1.0,1.0,7,1,0.875,0.875
6040,collaborator,16,8,8,0.5,8,8,0.5,1.0,16,0,1.0,2.0,7,9,0.4375,0.875
6041,uni,1044,270,774,0.2586,230,814,0.2203,0.8519,1044,0,1.0,4.5391,144,900,0.1379,0.6261
6042,bayreuth,8,8,0,1.0,8,0,1.0,1.0,8,0,1.0,1.0,7,1,0.875,0.875
6043,half-life,7,3,4,0.4286,3,4,0.4286,1.0,7,0,1.0,2.3333,3,4,0.4286,1.0
6044,edj-med-b7309adf-1,59,4,55,0.0678,3,56,0.0508,0.75,59,0,1.0,19.6667,3,56,0.0508,1.0
6045,7-substitution,2,1,1,0.5,0,2,0.0,0.0,2,0,1.0,0.0,0,2,0.0,0.0
6046,nhso2,8,1,7,0.125,0,8,0.0,0.0,8,0,1.0,0.0,0,8,0.0,0.0
6047,-3kcal,2,0,2,0.0,0,2,0.0,0.0,2,0,1.0,0.0,0,2,0.0,0.0
6048,cyst,1446,12,1434,0.0083,9,1437,0.0062,0.75,1446,0,1.0,160.6667,6,1440,0.0041,0.6667
6049,friday,10,0,10,0.0,0,10,0.0,0.0,10,0,1.0,0.0,0,10,0.0,0.0
6050,lunchtime,10,0,10,0.0,0,10,0.0,0.0,10,0,1.0,0.0,0,10,0.0,0.0
6051,spinning,2,0,2,0.0,0,2,0.0,0.0,2,0,1.0,0.0,0,2,0.0,0.0
6052,stabilisation,4,4,0,1.0,4,0,1.0,1.0,4,0,1.0,1.0,4,0,1.0,1.0
6053,edj-med-b7309adf-2,4,4,0,1.0,4,0,1.0,1.0,4,0,1.0,1.0,4,0,1.0,1.0
6054,requirement,20,6,14,0.3,5,15,0.25,0.8333,20,0,1.0,4.0,5,15,0.25,1.0
6055,wouldn,10,2,8,0.2,0,10,0.0,0.0,10,0,1.0,0.0,0,10,0.0,0.0
6056,edj-med-be9e6f63-1,10,2,8,0.2,0,10,0.0,0.0,10,0,1.0,0.0,0,10,0.0,0.0
6057,4-13,10,2,8,0.2,0,10,0.0,0.0,10,0,1.0,0.0,0,10,0.0,0.0
6058,8kcal,1,0,1,0.0,0,1,0.0,0.0,1,0,1.0,0.0,0,1,0.0,0.0
6059,brood,2,0,2,0.0,0,2,0.0,0.0,2,0,1.0,0.0,0,2,0.0,0.0
6060,-1kcal,1,0,1,0.0,0,1,0.0,0.0,1,0,1.0,0.0,0,1,0.0,0.0
6061,cyclopropylamide,1,0,1,0.0,0,1,0.0,0.0,1,0,1.0,0.0,0,1,0.0,0.0
6062,pyrole,1,0,1,0.0,0,1,0.0,0.0,1,0,1.0,0.0,0,1,0.0,0.0
6063,est,4989,710,4279,0.1423,620,4369,0.1243,0.8732,4989,0,1.0,8.0468,316,4673,0.0633,0.5097
6064,vie,413,67,346,0.1622,59,354,0.1429,0.8806,413,0,1.0,7.0,27,386,0.0654,0.4576
6065,3kcal,4,0,4,0.0,0,4,0.0,0.0,4,0,1.0,0.0,0,4,0.0,0.0
6066,tautomer,2937,1,2936,0.0003,1,2936,0.0003,1.0,2937,0,1.0,2937.0,1,2936,0.0003,1.0
6067,api,209,28,181,0.134,25,184,0.1196,0.8929,209,0,1.0,8.36,16,193,0.0766,0.64
6068,pf-07321332,1,1,0,1.0,1,0,1.0,1.0,1,0,1.0,1.0,1,0,1.0,1.0
6069,propargyl,2,0,2,0.0,0,2,0.0,0.0,2,0,1.0,0.0,0,2,0.0,0.0
6070,probaly,1,0,1,0.0,0,1,0.0,0.0,1,0,1.0,0.0,0,1,0.0,0.0
6071,hetercycle,1,0,1,0.0,0,1,0.0,0.0,1,0,1.0,0.0,0,1,0.0,0.0
6072,cvd-17360,1,0,1,0.0,0,1,0.0,0.0,1,0,1.0,0.0,0,1,0.0,0.0
6073,jul,20,2,18,0.1,1,19,0.05,0.5,20,0,1.0,20.0,1,19,0.05,1.0
6074,pseudo,1,0,1,0.0,0,1,0.0,0.0,1,0,1.0,0.0,0,1,0.0,0.0
6075,simplifies,1,0,1,0.0,0,1,0.0,0.0,1,0,1.0,0.0,0,1,0.0,0.0
6076,acetylenyl,50,0,50,0.0,0,50,0.0,0.0,50,0,1.0,0.0,0,50,0.0,0.0
6077,methanol,50,0,50,0.0,0,50,0.0,0.0,50,0,1.0,0.0,0,50,0.0,0.0
6078,methoxy-locked,38,0,38,0.0,0,38,0.0,0.0,38,0,1.0,0.0,0,38,0.0,0.0
6079,pet-unk-29afea89,372,10,362,0.0269,4,368,0.0108,0.4,372,0,1.0,93.0,4,368,0.0108,1.0
6080,fluoro-locked,38,0,38,0.0,0,38,0.0,0.0,38,0,1.0,0.0,0,38,0.0,0.0
6081,7-fluoroisoquinolines,38,0,38,0.0,0,38,0.0,0.0,38,0,1.0,0.0,0,38,0.0,0.0
6082,pet-unk-03fd2068,38,0,38,0.0,0,38,0.0,0.0,38,0,1.0,0.0,0,38,0.0,0.0
6083,pet-unk-29afea89-1,18,0,18,0.0,0,18,0.0,0.0,18,0,1.0,0.0,0,18,0.0,0.0
6084,3-21,18,0,18,0.0,0,18,0.0,0.0,18,0,1.0,0.0,0,18,0.0,0.0
6085,1-19,18,0,18,0.0,0,18,0.0,0.0,18,0,1.0,0.0,0,18,0.0,0.0
6086,pet-unk-407a74a5,20,0,20,0.0,0,20,0.0,0.0,20,0,1.0,0.0,0,20,0.0,0.0
6087,mat-pos-24589f88-3,20,0,20,0.0,0,20,0.0,0.0,20,0,1.0,0.0,0,20,0.0,0.0
6088,edj-med-1981ceba-4,20,0,20,0.0,0,20,0.0,0.0,20,0,1.0,0.0,0,20,0.0,0.0
6089,3-22,20,0,20,0.0,0,20,0.0,0.0,20,0,1.0,0.0,0,20,0.0,0.0
6090,1-20,50,0,50,0.0,0,50,0.0,0.0,50,0,1.0,0.0,0,50,0.0,0.0
6091,edj-med-28cccd0c,4,4,0,1.0,3,1,0.75,0.75,4,0,1.0,1.3333,3,1,0.75,1.0
6092,deterioration,4,0,4,0.0,0,4,0.0,0.0,4,0,1.0,0.0,0,4,0.0,0.0
6093,unacceptably,4,0,4,0.0,0,4,0.0,0.0,4,0,1.0,0.0,0,4,0.0,0.0
6094,carbocations,4,0,4,0.0,0,4,0.0,0.0,4,0,1.0,0.0,0,4,0.0,0.0
6095,chlorocyclopropane,4,0,4,0.0,0,4,0.0,0.0,4,0,1.0,0.0,0,4,0.0,0.0
6096,acceptably,4,0,4,0.0,0,4,0.0,0.0,4,0,1.0,0.0,0,4,0.0,0.0
6097,non-electrophilic,4,0,4,0.0,0,4,0.0,0.0,4,0,1.0,0.0,0,4,0.0,0.0
6098,sticky,4,0,4,0.0,0,4,0.0,0.0,4,0,1.0,0.0,0,4,0.0,0.0
6099,pet-unk-af70882d-1,17,0,17,0.0,0,17,0.0,0.0,17,0,1.0,0.0,0,17,0.0,0.0
6100,pet-unk-af70882d-3,4,0,4,0.0,0,4,0.0,0.0,4,0,1.0,0.0,0,4,0.0,0.0
6101,en300-125024,24,23,1,0.9583,23,1,0.9583,1.0,24,0,1.0,1.0435,23,1,0.9583,1.0
6102,en300-134034,24,23,1,0.9583,23,1,0.9583,1.0,24,0,1.0,1.0435,23,1,0.9583,1.0
6103,en300-1168264,24,23,1,0.9583,23,1,0.9583,1.0,24,0,1.0,1.0435,23,1,0.9583,1.0
6104,en300-128272,24,23,1,0.9583,23,1,0.9583,1.0,24,0,1.0,1.0435,23,1,0.9583,1.0
6105,en300-125018,24,23,1,0.9583,23,1,0.9583,1.0,24,0,1.0,1.0435,23,1,0.9583,1.0
6106,en300-133726,24,23,1,0.9583,23,1,0.9583,1.0,24,0,1.0,1.0435,23,1,0.9583,1.0
6107,en300-6762924,24,23,1,0.9583,23,1,0.9583,1.0,24,0,1.0,1.0435,23,1,0.9583,1.0
6108,en300-207495,24,23,1,0.9583,23,1,0.9583,1.0,24,0,1.0,1.0435,23,1,0.9583,1.0
6109,en300-304164,24,23,1,0.9583,23,1,0.9583,1.0,24,0,1.0,1.0435,23,1,0.9583,1.0
6110,en300-190372,24,23,1,0.9583,23,1,0.9583,1.0,24,0,1.0,1.0435,23,1,0.9583,1.0
6111,en300-1120624,24,23,1,0.9583,23,1,0.9583,1.0,24,0,1.0,1.0435,23,1,0.9583,1.0
6112,en300-681338,24,23,1,0.9583,23,1,0.9583,1.0,24,0,1.0,1.0435,23,1,0.9583,1.0
6113,en300-01637,24,23,1,0.9583,23,1,0.9583,1.0,24,0,1.0,1.0435,23,1,0.9583,1.0
6114,en300-14459,24,23,1,0.9583,23,1,0.9583,1.0,24,0,1.0,1.0435,23,1,0.9583,1.0
6115,en300-28347,24,23,1,0.9583,23,1,0.9583,1.0,24,0,1.0,1.0435,23,1,0.9583,1.0
6116,en300-96652,24,23,1,0.9583,23,1,0.9583,1.0,24,0,1.0,1.0435,23,1,0.9583,1.0
6117,en300-71869,24,23,1,0.9583,23,1,0.9583,1.0,24,0,1.0,1.0435,23,1,0.9583,1.0
6118,en300-1612267,24,23,1,0.9583,23,1,0.9583,1.0,24,0,1.0,1.0435,23,1,0.9583,1.0
6119,en300-40121,24,23,1,0.9583,23,1,0.9583,1.0,24,0,1.0,1.0435,23,1,0.9583,1.0
6120,en300-81521,24,23,1,0.9583,23,1,0.9583,1.0,24,0,1.0,1.0435,23,1,0.9583,1.0
6121,en300-30732,24,23,1,0.9583,23,1,0.9583,1.0,24,0,1.0,1.0435,23,1,0.9583,1.0
6122,en300-74026,24,23,1,0.9583,23,1,0.9583,1.0,24,0,1.0,1.0435,23,1,0.9583,1.0
6123,en300-50576,24,23,1,0.9583,23,1,0.9583,1.0,24,0,1.0,1.0435,23,1,0.9583,1.0
6124,adaptation,4,1,3,0.25,1,3,0.25,1.0,4,0,1.0,4.0,1,3,0.25,1.0
6125,ben-dnd-0ac71396-1,1,1,0,1.0,1,0,1.0,1.0,1,0,1.0,1.0,1,0,1.0,1.0
6126,mat-pos-5cd9ea36-9,1,0,1,0.0,0,1,0.0,0.0,1,0,1.0,0.0,0,1,0.0,0.0
6127,edj-med-76744c27-2,13,0,13,0.0,0,13,0.0,0.0,13,0,1.0,0.0,0,13,0.0,0.0
6128,n-chloroacetyl,2,2,0,1.0,2,0,1.0,1.0,2,0,1.0,1.0,2,0,1.0,1.0
6129,czodrowski,158,0,158,0.0,0,158,0.0,0.0,158,0,1.0,0.0,0,158,0.0,0.0
6130,idorsia,158,0,158,0.0,0,158,0.0,0.0,158,0,1.0,0.0,0,158,0.0,0.0
6131,dgm,158,0,158,0.0,0,158,0.0,0.0,158,0,1.0,0.0,0,158,0.0,0.0
6132,3d-pharmacophore,158,0,158,0.0,0,158,0.0,0.0,158,0,1.0,0.0,0,158,0.0,0.0
6133,mpro-x12692,158,0,158,0.0,0,158,0.0,0.0,158,0,1.0,0.0,0,158,0.0,0.0
6134,mpro-x11294,158,0,158,0.0,0,158,0.0,0.0,158,0,1.0,0.0,0,158,0.0,0.0
6135,mpro-p0009,158,0,158,0.0,0,158,0.0,0.0,158,0,1.0,0.0,0,158,0.0,0.0
6136,zinc15,1,0,1,0.0,0,1,0.0,0.0,1,0,1.0,0.0,0,1,0.0,0.0
6137,prodolic,1,0,1,0.0,0,1,0.0,0.0,1,0,1.0,0.0,0,1,0.0,0.0
6138,ncats,1,0,1,0.0,0,1,0.0,0.0,1,0,1.0,0.0,0,1,0.0,0.0
6139,u8ex2drd73,1,0,1,0.0,0,1,0.0,0.0,1,0,1.0,0.0,0,1,0.0,0.0
6140,3-16,28,0,28,0.0,0,28,0.0,0.0,28,0,1.0,0.0,0,28,0.0,0.0
6141,1-14,28,0,28,0.0,0,28,0.0,0.0,28,0,1.0,0.0,0,28,0.0,0.0
6142,punt,1,0,1,0.0,0,1,0.0,0.0,1,0,1.0,0.0,0,1,0.0,0.0
6143,cocrystallises,1,0,1,0.0,0,1,0.0,0.0,1,0,1.0,0.0,0,1,0.0,0.0
6144,unearth,1,0,1,0.0,0,1,0.0,0.0,1,0,1.0,0.0,0,1,0.0,0.0
6145,pet-unk-3e354a91-1,2,0,2,0.0,0,2,0.0,0.0,2,0,1.0,0.0,0,2,0.0,0.0
6146,edj-med-015fb6b4-2,34,0,34,0.0,0,34,0.0,0.0,34,0,1.0,0.0,0,34,0.0,0.0
6147,tolerate,71,3,68,0.0423,2,69,0.0282,0.6667,71,0,1.0,35.5,2,69,0.0282,1.0
6148,liabilities,8,0,8,0.0,0,8,0.0,0.0,8,0,1.0,0.0,0,8,0.0,0.0
6149,juniors,4,0,4,0.0,0,4,0.0,0.0,4,0,1.0,0.0,0,4,0.0,0.0
6150,nc1ccccc1f,104,0,104,0.0,0,104,0.0,0.0,104,0,1.0,0.0,0,104,0.0,0.0
6151,ncc1ccccc1cl,104,0,104,0.0,0,104,0.0,0.0,104,0,1.0,0.0,0,104,0.0,0.0
6152,c1ccccc1cl,104,0,104,0.0,0,104,0.0,0.0,104,0,1.0,0.0,0,104,0.0,0.0
6153,ncc1ccccc1f,104,0,104,0.0,0,104,0.0,0.0,104,0,1.0,0.0,0,104,0.0,0.0
6154,ccc1f,104,0,104,0.0,0,104,0.0,0.0,104,0,1.0,0.0,0,104,0.0,0.0
6155,cccc1cl,104,0,104,0.0,0,104,0.0,0.0,104,0,1.0,0.0,0,104,0.0,0.0
6156,csc1nnnn1cc1ccccc1f,104,0,104,0.0,0,104,0.0,0.0,104,0,1.0,0.0,0,104,0.0,0.0
6157,c2ccccc2f,104,0,104,0.0,0,104,0.0,0.0,104,0,1.0,0.0,0,104,0.0,0.0
6158,nc1ccccc1cl,104,0,104,0.0,0,104,0.0,0.0,104,0,1.0,0.0,0,104,0.0,0.0
6159,ccoc1ccccc1cl,104,0,104,0.0,0,104,0.0,0.0,104,0,1.0,0.0,0,104,0.0,0.0
6160,nccc1ccccc1f,104,0,104,0.0,0,104,0.0,0.0,104,0,1.0,0.0,0,104,0.0,0.0
6161,c1ccccc1f,104,0,104,0.0,0,104,0.0,0.0,104,0,1.0,0.0,0,104,0.0,0.0
6162,c2ccccc2cl,104,0,104,0.0,0,104,0.0,0.0,104,0,1.0,0.0,0,104,0.0,0.0
6163,cc1ccccc1cl,104,0,104,0.0,0,104,0.0,0.0,104,0,1.0,0.0,0,104,0.0,0.0
6164,c1ccccc1br,104,0,104,0.0,0,104,0.0,0.0,104,0,1.0,0.0,0,104,0.0,0.0
6165,cc1ccccc1f,104,0,104,0.0,0,104,0.0,0.0,104,0,1.0,0.0,0,104,0.0,0.0
6166,nc2ccccc2f,104,0,104,0.0,0,104,0.0,0.0,104,0,1.0,0.0,0,104,0.0,0.0
6167,cccc1f,104,0,104,0.0,0,104,0.0,0.0,104,0,1.0,0.0,0,104,0.0,0.0
6168,cc1f,104,0,104,0.0,0,104,0.0,0.0,104,0,1.0,0.0,0,104,0.0,0.0
6169,cnc1ccccc1cl,104,0,104,0.0,0,104,0.0,0.0,104,0,1.0,0.0,0,104,0.0,0.0
6170,cc2f,104,0,104,0.0,0,104,0.0,0.0,104,0,1.0,0.0,0,104,0.0,0.0
6171,edj-med-015fb6b4-1,16,0,16,0.0,0,16,0.0,0.0,16,0,1.0,0.0,0,16,0.0,0.0
6172,prospective,2,0,2,0.0,0,2,0.0,0.0,2,0,1.0,0.0,0,2,0.0,0.0
6173,validation,2,0,2,0.0,0,2,0.0,0.0,2,0,1.0,0.0,0,2,0.0,0.0
6174,deepfrag,2,0,2,0.0,0,2,0.0,0.0,2,0,1.0,0.0,0,2,0.0,0.0
6175,retrospective,2,0,2,0.0,0,2,0.0,0.0,2,0,1.0,0.0,0,2,0.0,0.0
6176,pkcsm,3,0,3,0.0,0,3,0.0,0.0,3,0,1.0,0.0,0,3,0.0,0.0
6177,caveats,2,0,2,0.0,0,2,0.0,0.0,2,0,1.0,0.0,0,2,0.0,0.0
6178,zinc8328404,1,0,1,0.0,0,1,0.0,0.0,1,0,1.0,0.0,0,1,0.0,0.0
6179,livertox,1,0,1,0.0,0,1,0.0,0.0,1,0,1.0,0.0,0,1,0.0,0.0
6180,alp-pos-c56c1477-3,6,0,6,0.0,0,6,0.0,0.0,6,0,1.0,0.0,0,6,0.0,0.0
6181,edj-med-968bafd9-1,2,0,2,0.0,0,2,0.0,0.0,2,0,1.0,0.0,0,2,0.0,0.0
6182,alp-pos-e266d783-1,4,0,4,0.0,0,4,0.0,0.0,4,0,1.0,0.0,0,4,0.0,0.0
6183,breathing,1,0,1,0.0,0,1,0.0,0.0,1,0,1.0,0.0,0,1,0.0,0.0
6184,alp-pos-a577c8a2-2,4,0,4,0.0,0,4,0.0,0.0,4,0,1.0,0.0,0,4,0.0,0.0
6185,upgrading,1,0,1,0.0,0,1,0.0,0.0,1,0,1.0,0.0,0,1,0.0,0.0
6186,mat-pos-a54ce14d-2,6,0,6,0.0,0,6,0.0,0.0,6,0,1.0,0.0,0,6,0.0,0.0
6187,mat-pos-e119ab4f-5,12,0,12,0.0,0,12,0.0,0.0,12,0,1.0,0.0,0,12,0.0,0.0
6188,edj-med-976a33d5-1,18,3,15,0.1667,2,16,0.1111,0.6667,18,0,1.0,9.0,2,16,0.1111,1.0
6189,4-12,18,3,15,0.1667,2,16,0.1111,0.6667,18,0,1.0,9.0,2,16,0.1111,1.0
6190,mmff94,744,23,721,0.0309,16,728,0.0215,0.6957,744,0,1.0,46.5,16,728,0.0215,1.0
6191,kagfeg,6,1,5,0.1667,0,6,0.0,0.0,6,0,1.0,0.0,0,6,0.0,0.0
6192,hay,3,0,3,0.0,0,3,0.0,0.0,3,0,1.0,0.0,0,3,0.0,0.0
6193,consideraciones,1,0,1,0.0,0,1,0.0,0.0,1,0,1.0,0.0,0,1,0.0,0.0
6194,especiales,1,0,1,0.0,0,1,0.0,0.0,1,0,1.0,0.0,0,1,0.0,0.0
6195,molécula,1,0,1,0.0,0,1,0.0,0.0,1,0,1.0,0.0,0,1,0.0,0.0
6196,podría,1,0,1,0.0,0,1,0.0,0.0,1,0,1.0,0.0,0,1,0.0,0.0
6197,fallas,2,0,2,0.0,0,2,0.0,0.0,2,0,1.0,0.0,0,2,0.0,0.0
6198,distancia,2,0,2,0.0,0,2,0.0,0.0,2,0,1.0,0.0,0,2,0.0,0.0
6199,los,509,65,444,0.1277,38,471,0.0747,0.5846,509,0,1.0,13.3947,17,492,0.0334,0.4474
6200,está,1,0,1,0.0,0,1,0.0,0.0,1,0,1.0,0.0,0,1,0.0,0.0
6201,entre,3043,16,3027,0.0053,4,3039,0.0013,0.25,3043,0,1.0,760.75,4,3039,0.0013,1.0
6202,podria,1,0,1,0.0,0,1,0.0,0.0,1,0,1.0,0.0,0,1,0.0,0.0
6203,presentar,1,0,1,0.0,0,1,0.0,0.0,1,0,1.0,0.0,0,1,0.0,0.0
6204,debido,1,0,1,0.0,0,1,0.0,0.0,1,0,1.0,0.0,0,1,0.0,0.0
6205,algun,2,0,2,0.0,0,2,0.0,0.0,2,0,1.0,0.0,0,2,0.0,0.0
6206,tipo,11,0,11,0.0,0,11,0.0,0.0,11,0,1.0,0.0,0,11,0.0,0.0
6207,enlace,3,0,3,0.0,0,3,0.0,0.0,3,0,1.0,0.0,0,3,0.0,0.0
6208,estructuras,1,0,1,0.0,0,1,0.0,0.0,1,0,1.0,0.0,0,1,0.0,0.0
6209,tambien,1,0,1,0.0,0,1,0.0,0.0,1,0,1.0,0.0,0,1,0.0,0.0
6210,estima,178,7,171,0.0393,5,173,0.0281,0.7143,178,0,1.0,35.6,3,175,0.0169,0.6
6211,que,703,90,613,0.128,82,621,0.1166,0.9111,703,0,1.0,8.5732,43,660,0.0612,0.5244
6212,una,59,2,57,0.0339,2,57,0.0339,1.0,59,0,1.0,29.5,0,59,0.0,0.0
6213,buena,1,0,1,0.0,0,1,0.0,0.0,1,0,1.0,0.0,0,1,0.0,0.0
6214,separacion,1,0,1,0.0,0,1,0.0,0.0,1,0,1.0,0.0,0,1,0.0,0.0
6215,las,689,73,616,0.106,64,625,0.0929,0.8767,689,0,1.0,10.7656,37,652,0.0537,0.5781
6216,siendo,1,0,1,0.0,0,1,0.0,0.0,1,0,1.0,0.0,0,1,0.0,0.0
6217,363a,1,0,1,0.0,0,1,0.0,0.0,1,0,1.0,0.0,0,1,0.0,0.0
6218,respectivamente,1,0,1,0.0,0,1,0.0,0.0,1,0,1.0,0.0,0,1,0.0,0.0
6219,formé,1,0,1,0.0,0,1,0.0,0.0,1,0,1.0,0.0,0,1,0.0,0.0
6220,carbono-carbono,1,0,1,0.0,0,1,0.0,0.0,1,0,1.0,0.0,0,1,0.0,0.0
6221,uno,101,14,87,0.1386,13,88,0.1287,0.9286,101,0,1.0,7.7692,1,100,0.0099,0.0769
6222,del,1568,238,1330,0.1518,206,1362,0.1314,0.8655,1568,0,1.0,7.6117,128,1440,0.0816,0.6214
6223,mpro_x0397,1,0,1,0.0,0,1,0.0,0.0,1,0,1.0,0.0,0,1,0.0,0.0
6224,mpro_x0991,1,0,1,0.0,0,1,0.0,0.0,1,0,1.0,0.0,0,1,0.0,0.0
6225,c14-c1,1,0,1,0.0,0,1,0.0,0.0,1,0,1.0,0.0,0,1,0.0,0.0
6226,segundo,1,0,1,0.0,0,1,0.0,0.0,1,0,1.0,0.0,0,1,0.0,0.0
6227,mpro_x2193,1,0,1,0.0,0,1,0.0,0.0,1,0,1.0,0.0,0,1,0.0,0.0
6228,c1-c3,1,0,1,0.0,0,1,0.0,0.0,1,0,1.0,0.0,0,1,0.0,0.0
6229,aar-pos-d2a4d1df-7,2,0,2,0.0,0,2,0.0,0.0,2,0,1.0,0.0,0,2,0.0,0.0
6230,mak-unk-6435e6c2-8,2,0,2,0.0,0,2,0.0,0.0,2,0,1.0,0.0,0,2,0.0,0.0
6231,aar-pos-d2a4d1df-12,2,0,2,0.0,0,2,0.0,0.0,2,0,1.0,0.0,0,2,0.0,0.0
6232,swissdock,4,0,4,0.0,0,4,0.0,0.0,4,0,1.0,0.0,0,4,0.0,0.0
6233,lipinsky,3,0,3,0.0,0,3,0.0,0.0,3,0,1.0,0.0,0,3,0.0,0.0
6234,immunotoxic,1,0,1,0.0,0,1,0.0,0.0,1,0,1.0,0.0,0,1,0.0,0.0
6235,sulfite,3,0,3,0.0,0,3,0.0,0.0,3,0,1.0,0.0,0,3,0.0,0.0
6236,gemdiol,1,0,1,0.0,0,1,0.0,0.0,1,0,1.0,0.0,0,1,0.0,0.0
6237,tox-new,2,0,2,0.0,0,2,0.0,0.0,2,0,1.0,0.0,0,2,0.0,0.0
6238,charite,2,0,2,0.0,0,2,0.0,0.0,2,0,1.0,0.0,0,2,0.0,0.0
6239,protox_ii,2,0,2,0.0,0,2,0.0,0.0,2,0,1.0,0.0,0,2,0.0,0.0
6240,6-7,31,0,31,0.0,0,31,0.0,0.0,31,0,1.0,0.0,0,31,0.0,0.0
6241,edj-med-5cd3920d-6,10,0,10,0.0,0,10,0.0,0.0,10,0,1.0,0.0,0,10,0.0,0.0
6242,61877630-799e-4e90-81f3-1e73d5804214,3,0,3,0.0,0,3,0.0,0.0,3,0,1.0,0.0,0,3,0.0,0.0
6243,ingestion,1,0,1,0.0,0,1,0.0,0.0,1,0,1.0,0.0,0,1,0.0,0.0
6244,ingest,2,0,2,0.0,0,2,0.0,0.0,2,0,1.0,0.0,0,2,0.0,0.0
6245,vla-unk-61877630,9,0,9,0.0,0,9,0.0,0.0,9,0,1.0,0.0,0,9,0.0,0.0
6246,visibility,9,0,9,0.0,0,9,0.0,0.0,9,0,1.0,0.0,0,9,0.0,0.0
6247,3-9,14,0,14,0.0,0,14,0.0,0.0,14,0,1.0,0.0,0,14,0.0,0.0
6248,stuff,2,0,2,0.0,0,2,0.0,0.0,2,0,1.0,0.0,0,2,0.0,0.0
6249,en300-26666824,1,0,1,0.0,0,1,0.0,0.0,1,0,1.0,0.0,0,1,0.0,0.0
6250,e,19507,3677,15830,0.1885,3058,16449,0.1568,0.8317,19507,0,1.0,6.379,2055,17452,0.1053,0.672
6251,hit,4982,635,4347,0.1275,575,4407,0.1154,0.9055,4982,0,1.0,8.6643,296,4686,0.0594,0.5148
